357
975
967
720
493
557
625
365
761
942
244
948
566
495
815
615
687
836
482
916
228
944
736
880
543
651
613
983
596
949
406
120
144
185
710
951
571
623
241
417
505
378
222
957
333
133
26
34
260
645
84
231
467
128
43
175
319
541
420
51
307
680
427
641
937
434
747
33
162
827
878
354
830
167
856
419
924
578
970
936
66
845
122
743
286
187
362
735
129
275
331
484
360
669
274
639
603
166
82
987
65
225
576
268
728
146
355
326
235
259
265
277
137
208
149
151
713
329
755
474
421
200
503
322
536
884
227
879
898
285
113
199
306
204
636
479
221
831
590
99
931
119
894
466
461
981
780
102
218
785
690
284
798
739
733
17
899
341
570
950
707
202
411
518
754
454
32
48
224
595
633
602
663
458
818
561
340
154
871
13
1
904
771
296
759
803
519
472
917
843
181
293
584
391
804
77
851
110
551
205
868
999
251
777
471
223
971
705
737
431
684
920
748
857
964
799
288
767
619
893
392
88
164
577
537
738
6
266
39
279
947
742
477
740
751
647
946
303
847
820
929
487
593
610
374
283
70
958
976
117
318
366
998
408
525
237
783
653
795
726
402
309
575
330
925
280
291
506
716
432
542
614
840
977
588
72
809
556
867
635
387
236
530
207
886
19
552
313
459
617
245
727
336
470
781
9
665
140
189
612
638
301
7
881
693
712
142
800
201
863
954
514
837
788
794
263
302
37
589
908
55
407
749
730
404
94
968
835
691
939
512
699
359
195
126
701
463
829
928
59
859
171
469
913
885
682
664
125
926
674
534
96
540
676
250
986
553
14
409
370
45
527
131
196
3
455
47
373
709
703
784
100
810
677
445
528
397
597
30
426
71
786
300
107
282
992
436
194
76
323
846
188
317
447
87
339
123
21
81
115
67
139
953
606
156
446
141
658
842
870
649
372
36
668
631
564
381
85
686
345
238
764
278
580
234
609
592
608
153
844
683
18
774
248
582
817
567
812
312
819
569
53
679
952
753
38
776
371
988
114
790
2
834
722
662
499
257
63
659
451
873
395
522
581
211
861
508
555
841
334
935
106
887
824
46
501
170
598
74
435
573
630
793
704
591
672
213
134
643
169
725
473
385
756
150
907
821
12
429
439
965
155
93
377
143
531
135
308
398
430
524
240
921
910
464
718
502
694
721
695
782
376
350
453
872
494
423
315
27
991
673
634
865
367
563
599
826
297
460
295
538
772
607
292
29
914
168
414
773
20
507
955
276
972
930
797
91
157
945
311
444
587
919
938
956
616
855
1000
410
73
854
858
178
900
860
314
198
654
256
163
923
934
698
476
882
778
500
5
197
521
622
35
24
298
833
762
994
40
270
273
165
732
390
714
801
539
443
620
808
961
574
16
448
379
22
353
305
601
23
583
369
111
724
717
980
64
145
626
888
989
425
498
217
264
136
529
648
394
220
770
675
57
138
875
849
891
545
325
247
52
696
380
585
25
416
158
629
811
973
105
544
997
660
327
44
320
103
996
262
60
358
242
79
42
386
897
765
438
685
97
324
901
294
130
124
209
579
491
489
299
711
678
546
441
488
813
449
496
805
440
565
346
304
483
903
271
874
486
182
418
183
816
927
906
457
239
715
368
152
349
389
261
523
212
179
399
562
118
932
243
866
90
116
823
80
796
667
281
75
186
985
594
862
905
547
889
174
802
121
28
468
348
61
351
877
560
689
310
632
768
982
108
127
98
769
943
49
746
511
611
628
41
356
56
918
190
254
132
729
415
226
269
902
342
657
478
252
734
978
328
393
31
4
86
650
11
384
661
763
176
853
883
437
412
646
413
656
316
959
361
941
533
456
892
526
624
895
255
605
670
147
246
258
618
68
62
896
160
450
621
515
586
289
700
109
568
509
807
692
876
852
993
828
806
215
104
963
428
792
191
995
549
475
513
177
332
822
267
210
850
706
984
480
708
219
50
383
604
148
960
757
825
637
532
655
396
253
644
400
990
671
915
230
382
558
600
172
364
559
933
216
911
723
838
424
363
688
405
203
173
719
760
92
229
214
485
979
272
192
490
465
401
627
922
335
161
779
233
758
962
344
101
787
15
550
338
232
789
974
352
839
481
422
745
791
741
520
848
343
388
642
10
516
78
54
497
640
666
909
652
206
504
517
548
814
95
744
775
766
433
290
442
492
752
554
83
940
180
69
287
702
375
731
890
697
58
452
321
510
966
832
347
249
869
193
337
184
403
462
159
8
864
912
750
535
112
969
572
89
681
