2295
4465
2566
7455
7621
7277
4731
1714
6463
4180
1203
7411
6143
3133
9324
1909
6157
5942
1526
3983
5122
418
4279
8975
8657
1480
2347
5447
9438
5083
6665
9172
3761
7780
7268
9130
3631
6864
5073
8708
7137
1889
3154
5657
5370
9205
6493
953
6863
8151
2419
383
6746
3525
8767
5808
6262
3171
5072
5160
9452
7570
8162
52
6596
2777
7061
8553
2792
3418
728
9631
4587
6767
1995
4174
8375
1795
3649
8096
8798
9891
4350
5114
7845
1317
2365
6840
6235
5315
7216
8921
4497
4041
8113
6051
2745
1442
9001
6504
5540
7029
5964
9094
6922
3364
6760
9181
560
2828
45
5166
2944
8910
5151
9165
6250
2128
4533
8002
664
6604
3423
8638
5486
2510
6647
9870
1744
3878
9090
9819
5237
8860
7784
6029
63
7977
7911
6765
832
396
7097
1024
2781
7044
5840
9728
1115
1016
7770
9604
5087
1898
452
7488
5916
1857
3802
9488
9031
8457
6180
1686
3961
1483
5436
2744
545
4558
7043
119
5096
9214
3907
4561
1139
4401
6050
7388
7505
2092
3408
1045
1887
6590
9173
5159
8898
9283
1502
799
2565
7712
8001
2014
3294
9882
1722
3812
2545
9429
3999
2048
793
5814
5510
2118
8535
4308
1272
2930
2334
8040
6736
2558
1221
5633
8756
7718
9776
2015
8735
7353
659
5822
3236
7077
1659
7643
668
9640
2982
1158
7720
6851
7134
2240
8313
7015
6215
5392
2711
4492
9397
8087
7392
3646
503
1541
9387
3486
1426
2389
2544
5874
7429
1414
3803
3739
2886
4966
2906
7756
4439
9419
6616
2140
2415
3370
6017
7517
2663
5019
3405
366
5736
8674
7358
6499
7071
9549
5033
6514
1044
9407
1896
6814
2678
6175
251
2978
8566
7927
7396
3414
4355
3065
555
481
1335
4677
2122
8463
7602
5796
1612
7740
7917
5419
9968
1698
7218
9174
4276
1568
8763
9937
1752
1114
4206
3858
3551
2234
2881
2577
4814
6073
5673
8856
758
6406
5079
3908
9301
8230
5028
4918
7114
4631
8303
4076
1596
5930
5611
7979
6308
8050
5281
9748
8310
2385
4045
5080
4734
8021
9000
744
9307
942
7482
2019
4513
9757
4399
7048
7501
4235
7933
2202
5437
126
459
129
8750
1572
4078
6468
5401
740
2984
2324
9589
9109
6897
9262
2357
3430
4703
3433
4546
8670
9572
1695
7544
2634
4904
6128
3717
7301
6144
4337
447
4775
1329
2121
4870
4914
3716
2986
6607
9842
3686
3637
2975
471
9753
7163
3886
671
3298
4082
7934
9289
878
7711
1934
3719
8362
95
9334
1975
1402
4390
9500
8255
3392
8517
6934
3357
4524
5203
4466
8628
876
4763
4154
1815
7731
2542
9113
374
3693
3571
4699
982
3426
6401
8248
4334
7246
8791
1983
7696
1748
9285
7864
7504
5744
8786
5520
9446
157
7704
8854
269
9509
580
1595
1029
2158
7765
8904
2458
2559
7356
6725
4614
6990
908
717
6936
9761
1120
1926
8728
4370
7663
8236
6263
1984
686
8736
9942
8035
9396
4223
7383
8224
5209
5065
9996
3104
3287
797
1031
2901
7211
1647
9337
6901
5291
1278
2742
8295
2897
8876
5352
4048
362
4030
6797
844
6288
9475
9709
8082
148
1894
6825
5852
8916
6347
9665
1133
579
2600
6246
5374
6620
9404
1328
8719
517
1185
5483
8539
1491
8349
7085
3632
1597
733
3079
2761
884
9605
9899
3299
4669
3035
7370
9714
7921
9425
1678
3212
2551
2366
8209
419
8085
4113
3699
5803
7761
5423
6742
5078
217
8032
3178
1895
5183
4700
7588
665
4915
2399
8960
837
7679
1629
2548
6921
7166
8107
1420
7426
1097
2195
6444
2358
7094
6404
7235
368
1266
8982
4821
920
4005
6276
2857
6671
5815
4
2923
9793
9473
9030
7737
6940
2880
6164
9816
3531
8794
4485
9454
1356
9964
6993
6346
2111
3144
3111
3293
142
2638
1319
6282
4741
6501
1729
5668
3435
3952
1311
2261
1789
6938
8923
7613
9620
2482
223
9067
7468
9088
6803
1578
8541
5193
9948
8494
5913
7363
5801
962
9946
5462
2646
9430
5008
886
4312
2043
67
9868
2310
2212
4425
9564
9378
1591
1998
2355
6207
6780
4574
3680
8731
8605
1946
1913
9998
5487
4672
6635
9236
6054
9699
7551
4417
6599
6776
5683
5439
5192
2021
327
4119
2427
4612
565
5810
8371
9754
1049
8527
24
2330
6176
913
1792
3156
5026
5037
1176
729
4117
6556
5293
6361
1359
563
3338
8111
1145
9849
2362
9884
537
6740
9641
5889
6467
8052
5238
9234
5726
3205
6129
9460
3831
1284
2206
391
8673
1150
1113
4944
3118
810
4118
4158
4481
2207
6777
2820
212
8330
5071
7038
8530
3283
7040
1693
3152
5630
7520
6784
1358
8586
4626
1772
4215
7491
342
4743
8178
6496
2648
2155
2943
3071
9780
6237
1538
8642
8790
5983
3038
2823
2382
5494
7102
8138
5599
7259
1326
9129
8097
3083
3674
2371
7369
566
5390
4644
9555
1131
490
3503
6521
7596
3063
3893
1546
4666
6878
8193
2919
4640
2680
7586
7069
7714
6887
355
2475
3243
4917
4197
7991
9694
127
5653
235
3001
9331
9215
4103
4777
6007
4230
3853
6932
1533
7177
5542
5891
7782
3920
1515
5451
8799
1508
9839
8117
6601
1322
941
8918
5697
6038
5539
1146
6339
2499
333
2254
5493
9920
8952
4176
5712
1247
6844
7087
7719
7884
7288
3874
4681
8801
287
5285
5734
9495
69
2774
992
3553
2175
821
1970
1967
8333
861
1125
5770
5300
6178
7283
8713
1350
8932
468
9226
1993
4259
2521
5420
2466
3934
2395
8206
5471
9837
202
7465
3377
8139
6697
6058
2038
8147
5461
5966
697
8351
4141
9051
7929
7579
8388
431
766
4354
6015
4806
4352
4254
3459
3105
2929
4135
181
3005
6953
2116
3389
5902
7262
895
4537
4790
3526
1548
1162
7108
1864
4452
9092
3444
138
714
1487
8537
5842
541
8279
8347
9485
3895
9918
3939
9648
1784
2425
7300
6889
4095
1879
192
924
3442
6625
50
9070
8377
7481
5090
5652
1865
1218
4356
3929
4771
3580
5134
1445
5308
9118
6242
9936
6172
8582
2904
9291
8188
6954
9409
5046
9653
656
5014
1823
2990
1489
2411
7957
1794
349
4059
8848
4210
7672
3815
8764
7789
5759
5758
7317
5682
9673
5156
6575
4639
8831
7594
4097
9991
1456
4625
5753
1004
4916
1231
3275
3016
4204
6798
2318
2696
5504
255
2957
328
6414
36
5444
5742
7086
7659
1006
7220
3078
4846
1067
8065
3703
8987
4378
2541
9890
7125
815
5953
204
4272
3569
4491
7037
5148
2988
4853
621
6659
8584
7691
2894
2219
7771
903
9988
3638
9043
1410
4010
3614
8809
187
4171
2166
2682
4729
2733
9840
3641
4562
3879
236
2036
1689
904
6218
8382
6541
6718
9443
9326
4682
4719
3453
9187
3595
9944
7980
9032
2627
7642
2595
4715
7610
4021
7055
5969
8101
7729
4716
5338
117
8510
5619
2950
5202
1947
3090
8821
2807
9606
4310
6542
440
2916
7153
92
7700
4772
8704
4975
8189
8544
1740
9834
4664
4081
6819
2493
5989
3150
4635
520
9661
9508
8131
5787
4131
6082
3222
7095
5735
7386
4264
3246
8118
8056
9474
3530
1709
3757
8283
2533
7965
5597
3630
7638
7249
8108
9929
1539
9406
7176
2026
9196
7496
2490
2051
3125
725
8390
4427
2311
8074
6304
2568
6702
4237
1604
2119
4872
9033
8511
4991
7335
2457
5548
576
2955
9108
9491
6788
8844
4875
4577
4599
8664
4392
8285
6324
4388
1362
5622
94
8417
4064
8744
7865
2556
7502
5747
8722
7994
5067
6411
5476
8554
8137
1770
4329
3401
8997
2101
4112
8824
8762
6208
5106
3436
6201
5255
6099
8081
4848
5818
3410
4469
3756
2225
7136
9749
5904
7385
2539
1453
3857
1128
1691
512
587
1249
2878
741
1041
1547
5805
7263
5296
2376
7028
6454
9622
6914
2787
6155
9652
2460
4381
1893
6272
3748
5339
9137
9085
1470
547
4219
1434
90
2847
571
7010
6783
9970
7056
8225
6300
8444
997
4456
6646
2631
7169
198
508
4099
6790
5372
2645
5971
9494
8232
889
6000
1028
3651
1181
1000
7612
9498
7042
1581
663
1017
8431
5153
9449
1831
6652
6386
3967
3086
8128
9450
7951
233
4643
9370
9736
8667
1961
5732
1731
6846
5972
636
6130
5450
826
9781
7330
3128
7891
2290
7932
6053
4884
8785
4906
6800
35
2921
7224
4340
1397
4162
5150
5766
3700
7021
2932
8070
6397
9633
8006
2770
6611
1239
2096
8866
3186
969
1300
9481
5470
2103
7733
2098
6634
6413
7631
648
482
3728
6458
8423
8252
2445
25
43
6560
6928
4652
8908
6912
8880
8335
3512
2264
2662
9329
6325
7272
318
4928
7943
2253
1670
1308
989
2679
6845
8518
3781
7503
2349
1762
3074
9582
1085
8438
9575
7788
8267
9072
3576
6121
1920
6691
6802
8196
1235
7702
4900
3683
943
1398
907
7986
392
6116
4759
1777
7560
3737
7407
4302
8874
9347
961
7490
4443
2039
7525
5897
2079
8213
8471
4618
9902
9017
8034
8727
4745
8718
6633
7367
2582
100
9723
6848
6381
2099
524
7889
1870
1638
9951
6598
6867
7913
6926
3639
3102
6754
8265
7575
6377
9672
2060
2803
108
4301
4432
9904
8805
607
4217
8439
3921
6104
7293
9952
5926
8246
4579
5155
8495
3550
3627
1519
8770
7401
4510
557
1914
8752
4304
8526
7131
4327
8733
4028
9845
7005
1448
1009
9542
8669
702
4231
6154
6876
7601
2571
1406
9519
9057
9246
8877
6685
3363
5702
2417
1119
1725
4128
8123
5834
6044
5328
5534
8106
8408
9958
2723
7092
5187
6460
8984
2618
6828
1997
8000
242
3461
9163
6086
5981
2180
8183
8552
3424
9392
8806
388
2488
5405
191
4165
8191
7640
629
6636
5644
5047
1760
137
7890
1466
9279
3888
3679
981
4463
5163
9812
250
2174
1584
7595
8569
3557
751
1153
9063
9249
6937
7205
2543
9007
3326
4860
3862
7226
3894
6137
2684
6649
1219
3463
2965
2430
5954
7874
3813
2642
9178
2403
3555
6418
8033
7830
1447
6479
8421
1446
7276
7427
1039
3002
6396
2084
1652
9457
1728
1521
1469
2576
584
7528
5762
7607
390
5920
5041
1060
6258
5321
5204
6640
6622
1820
6823
917
8858
3280
3099
4074
9004
9121
3931
9647
1277
2951
8678
6716
5280
6675
2673
7727
4708
5023
7290
7267
5235
8479
9643
9128
1143
627
6578
8379
5029
341
5376
790
4566
1559
9167
8700
4667
5988
2704
5789
1822
7493
8456
5929
5505
3230
6045
8947
9879
6946
7748
9715
7257
2089
9207
5779
4637
550
9523
6916
5640
1790
2090
103
4360
6698
5905
9414
614
5252
3681
2912
7165
3017
2256
3932
9322
8038
7632
879
2172
8110
3134
5880
1165
4365
5396
7079
2044
2131
978
2276
9872
1401
681
6597
3042
8965
5005
3799
7329
3494
5543
535
9177
9693
4657
794
9242
5629
7699
8069
1746
5835
3029
5218
5220
6976
2960
6074
6555
4051
1191
1412
7724
4656
6338
9157
7113
15
6987
3314
8624
2480
4913
8396
8205
6734
2845
5605
7304
2771
9149
4588
1719
8972
8399
9223
1605
4152
643
624
6670
814
8324
9940
1095
493
8364
1935
6762
7116
1821
6395
4840
2507
8749
8161
2057
9151
9702
8216
3590
7869
2715
4297
2941
6145
9335
7193
5813
1027
4786
1876
6888
2050
9529
691
7420
6344
9770
3560
6425
7419
5180
5055
8231
2387
8176
14
3211
7361
6615
1776
4996
3369
290
2194
9609
8297
7511
9578
5573
5127
7452
3492
3751
9713
7202
2034
5767
935
4902
9359
5575
9905
7381
176
6398
712
4077
4331
9344
8448
2346
8185
4668
4615
4787
5860
2306
6302
1863
3964
5529
863
5172
8319
3479
1609
3599
4726
2776
8424
7374
2700
3481
6965
2124
4400
4422
72
4827
4339
5223
722
902
4006
5578
2968
4145
730
7622
4953
173
4420
8679
4379
6275
2714
9983
7027
4784
7820
9866
588
9111
8769
8454
8875
9600
2701
9127
2459
4102
2487
8606
6063
8570
9521
7753
5418
5950
1355
6476
8536
2996
597
430
7833
9636
2375
4375
5647
99
5130
1872
2407
5666
9909
3946
7273
6529
8979
7971
2801
2795
6140
5627
149
2242
4685
4750
8579
2497
7184
2469
2935
5577
448
4282
5496
7497
8976
2317
6678
416
2200
1413
3673
4167
271
5819
8274
3046
8828
6939
8346
9979
9927
3544
9901
2123
5257
1567
1140
5763
3529
7088
3785
8644
3959
9536
6580
6485
5190
8325
2037
5359
3669
9745
8381
9603
5862
4467
6012
739
4881
9410
9722
6663
4514
3372
3948
1989
2179
8251
360
3947
558
5453
9708
7
6146
8158
3913
7142
6508
4520
2540
8474
4228
293
2712
1675
4720
6001
4613
3276
4973
7981
8212
9097
2354
6041
946
8218
9807
7893
7098
9395
394
8402
1600
7996
4602
9465
9155
9926
9267
8919
8245
4907
2401
2672
1443
5098
6374
4161
1054
8914
1200
5138
3698
2962
2822
4670
8696
891
839
4445
8711
7457
120
3518
9272
4725
2230
9336
2671
6122
9026
8142
6433
2816
6445
9203
4611
8758
5186
1925
8761
1312
6852
5887
1037
9908
9216
4877
1400
1105
6872
8102
9055
4589
4601
8748
7135
4603
7967
5132
2736
9851
7170
915
4172
9049
5996
4883
5708
6729
3458
7940
7589
6908
5455
7180
646
2332
5365
2850
7319
2535
9799
1742
4654
9561
1999
7082
1078
2326
8929
5431
6049
3480
6077
4046
4243
6123
6101
8098
2429
5564
6142
2075
9202
6429
70
9104
736
4580
868
7064
1015
7847
776
169
5188
7639
6905
4824
7485
6383
8759
3465
98
6907
8558
5836
2291
3795
9125
6249
9571
838
4527
1628
5907
987
2524
5402
4762
68
5722
9881
1545
5025
9941
7760
170
8432
533
9415
4164
9681
3221
450
2506
3933
7992
4159
7436
47
7803
7253
7418
3789
4072
7322
3214
5859
8499
6167
8690
1376
5391
7460
8260
4208
6861
3260
3843
5557
8273
1429
749
1013
7629
894
8064
9505
5879
9923
3873
4967
4027
4701
79
5621
370
774
3484
6975
162
2608
243
9278
200
1653
2808
1753
7182
7772
4696
2249
993
8745
6977
1409
9065
9276
1096
1291
2159
4225
2779
8441
6472
5536
12
7250
6132
2735
7948
7447
2033
1854
2062
6090
1336
5931
4187
3927
3462
4016
5441
8571
6700
7073
698
1536
8974
2998
9565
8141
3670
605
3958
9659
2628
1472
5947
8897
48
2893
1337
7766
5780
6657
3645
2412
787
3951
6763
1038
7678
414
8275
3752
494
7987
3025
8656
1754
3587
3082
351
3117
3416
3783
6244
706
9774
4471
5527
3234
5655
2538
1010
9915
6860
174
4909
6357
4449
7130
4765
489
31
8956
4984
8475
5901
6807
8542
3695
2602
9023
1259
842
2865
8998
3830
3282
9939
4680
3208
1316
5275
7209
8400
5488
6385
7359
5648
3509
9743
3697
7141
10
4974
1651
8612
1781
5097
9962
9204
6234
4338
1717
1727
3806
9950
4459
4100
75
6695
6930
6459
4796
6764
4346
3760
3342
1933
3654
1248
96
640
5678
6791
5043
5341
2841
6694
6194
8887
5659
1734
2294
307
1246
734
332
5609
3793
4538
3449
8124
9568
1618
4926
5985
5541
5764
6822
1395
457
7945
9183
1835
892
3202
968
7412
4659
780
59
4621
2838
9233
854
7001
990
2710
3924
426
1327
4050
4970
5364
3434
7178
5099
6466
5089
3711
1796
1724
4244
9468
1842
4040
1303
3826
3041
7906
6114
8391
5145
7014
3817
8416
1490
1423
8766
6312
8284
4403
2971
900
3542
9657
4278
2909
1138
5524
1195
5434
125
7478
7345
3312
8531
5144
5937
321
8501
3495
3471
2325
7214
4341
8883
5583
8394
4285
1520
9147
4735
1703
9028
6188
4518
2760
9820
1631
9421
4770
4798
9859
444
5111
8694
4993
6686
2513
8440
5545
980
3179
9002
843
4807
6475
4816
1265
2665
6795
5084
5847
8352
7876
5798
2690
6980
9534
164
7173
6996
2655
1745
9949
5596
819
8159
5368
9630
2887
5850
7159
6738
2946
536
2281
5236
2788
1531
3431
7879
6024
2032
9448
5967
4969
7515
8214
5918
8687
2500
1632
2236
8685
1213
7440
618
2270
7230
3956
9323
1323
3527
9973
4724
5128
6576
853
4549
7645
2677
7509
4474
8350
4755
3575
6163
4609
893
7284
6296
1621
5053
9931
7781
6964
7698
2067
2132
2947
5133
9479
9458
3052
9300
1964
4236
7599
1019
8796
2163
8385
7647
1616
4694
9316
28
6484
8839
5831
7717
2359
8500
7183
107
1374
2444
6227
8179
7895
890
7900
9074
5521
9843
1950
9861
3943
2192
2178
4554
5092
8822
3672
1582
1953
1177
934
7194
5777
5811
7128
5851
4146
873
5924
7360
4115
2629
5077
3273
8481
9258
4575
3307
8244
8862
7925
2557
7105
3100
6969
4055
6416
658
8411
1142
8199
4212
6600
5908
4057
7307
754
264
1791
1199
4951
6126
5741
6910
2102
7650
2452
1368
653
6135
9686
2508
8211
5723
2420
9417
8941
1290
6022
16
4266
8184
1217
4413
6724
6537
3604
1064
6477
4572
3714
5591
1716
7248
2635
3058
5817
313
5354
7484
6070
6043
760
2479
2285
7391
3060
4192
2810
6289
93
2203
7824
8243
9447
239
1164
1030
7030
4345
9052
5258
7518
8083
7325
5213
3351
667
5824
3263
6047
3787
6808
9164
2938
8486
1262
1387
7796
8981
5491
3536
6096
7606
6290
7903
6737
11
3772
2173
7059
7417
8079
5031
6865
8063
7118
775
6402
4480
4199
6313
500
316
6100
9758
1299
9363
6283
6349
8115
4963
5327
1334
7990
6756
647
4349
9857
7270
1452
784
5957
2454
6619
2467
128
7637
2148
189
2336
9625
9697
5195
6281
6894
4311
1959
7000
994
9557
7187
9796
9345
7445
3265
1867
1206
8309
6197
4742
4502
2617
5743
3708
8968
2532
925
7562
2449
8743
8341
6525
3811
3634
2112
3334
1437
5454
7956
8593
3896
1639
3995
5329
6947
3292
6603
6417
715
2010
4015
5693
7275
6623
5606
2054
1644
7867
7442
8528
5841
1702
7039
1088
9188
3210
4490
34
4789
4714
6644
1593
9848
5696
4182
3855
4568
1485
3395
247
199
9245
8308
2691
476
2783
8298
836
3734
1260
4629
393
8338
859
6853
2171
847
2005
2927
9874
9896
8155
4605
1270
475
429
7955
2208
7514
1172
8630
5793
7112
5032
46
6862
5201
2134
6550
4495
9348
9746
2413
812
206
6687
1504
7152
3628
2305
5786
470
5442
5214
7123
5479
66
5269
2303
3020
3310
40
7148
4543
4662
7162
3464
7523
6088
9379
2933
7003
1787
2843
4582
2248
2000
4595
3468
4610
6184
5282
871
6420
8668
5737
7242
9738
1809
6081
9846
3077
3173
1301
2226
5057
2322
2384
1677
4523
7318
2282
1348
3141
677
2657
7716
7252
9034
8631
3702
7531
2844
4830
572
8512
7207
952
3147
5088
7144
7446
564
3720
1564
4430
8682
6925
7521
2104
6781
7404
5558
8683
7480
9792
5694
5247
4054
455
9117
8788
9977
9342
363
6372
7312
7516
9156
3916
8321
3578
9562
71
2560
1986
4014
6827
7090
1123
6004
5044
5715
9010
8023
9212
8543
5362
4845
4429
17
9887
3882
178
4143
5637
8007
2085
2292
9060
9306
1057
7774
8462
9353
7904
4876
6436
1169
5435
274
1622
8485
1477
8200
2694
4496
2936
1484
3565
3382
5446
4972
2773
9501
1739
3330
2529
3841
5001
5933
5951
7747
4754
4221
9704
5934
9554
9078
8343
9275
1524
657
9813
5563
5035
964
6705
1268
4317
6959
8194
504
205
4738
6279
673
5003
7732
8067
973
9319
9696
9548
8392
5016
8969
3834
5778
5794
2705
7652
1676
6295
8629
4343
8221
6988
5254
6667
9093
8689
823
8843
7561
3249
8568
2478
9393
578
4544
6368
8830
7815
9015
7225
9436
4020
539
256
3777
6117
5939
6351
4794
4160
6149
1764
709
32
9547
5388
2939
5433
602
7908
7985
311
9695
4620
315
1516
9350
5147
5552
7656
8094
9782
1492
7164
1687
9140
6230
2518
4248
6491
8613
529
818
7617
2721
4136
6236
4397
2468
8504
9377
3219
6591
1884
4705
2948
2331
3965
8845
312
6915
7439
3653
4564
5313
7600
4202
2514
5507
4316
5322
13
2883
1667
4222
9635
7251
3337
9580
2029
6252
984
116
9856
3033
9274
5750
3991
2185
6389
4271
3845
2386
9552
372
1802
5070
2432
7046
8165
9403
7362
9544
4691
7466
7746
492
7034
7157
9131
1354
1372
5185
9126
369
8240
7800
6923
3064
9514
5508
8958
3989
6109
7513
3329
7918
1255
8270
5010
4889
9504
55
622
8422
5927
3256
3163
2379
8380
9084
4988
7004
3640
5233
8771
7013
4803
1757
2035
5795
3259
6710
9382
7399
7151
8104
3890
8215
4692
2052
7887
9014
6328
6318
7408
8595
8047
3892
2165
8426
8302
4584
5544
5167
8885
9364
3998
4867
9106
4805
6589
9928
8414
3007
5839
7364
7582
6042
628
4855
2428
6672
6727
1073
9037
4623
5347
6221
9374
3887
6168
2496
246
3901
8853
7776
61
9967
3499
4484
590
7241
6327
3110
1755
8955
7726
9679
8020
2088
8229
6332
5400
5297
9463
433
324
2041
4258
2451
3819
2698
7675
2398
6577
9231
3044
3175
6642
5357
8781
4648
6761
8549
9880
5246
2153
1281
5059
6320
9932
7842
288
8608
8825
2210
7907
1279
7837
6033
1022
4361
8059
8573
5137
4265
5428
3332
8970
6559
7818
6714
700
1845
1111
209
4799
9139
6720
237
7201
325
5807
7854
634
8173
1656
7424
1211
9551
484
2022
6419
845
3978
5809
2275
2438
3139
707
7549
1868
8502
2028
525
7238
808
2087
6621
928
639
2110
516
8217
9394
2273
8865
1866
7713
23
4749
4062
3790
9304
6869
5721
8546
3353
674
9624
4864
7923
5169
3522
6439
9570
3807
5792
8435
3309
5549
676
6427
9769
2834
6775
7323
1971
8203
1853
6689
6421
2188
3095
7256
9433
9260
446
2328
9646
1736
9766
5245
7939
1851
8665
8418
7167
4424
4880
5330
9011
9483
6120
4086
7791
2786
6480
9349
3818
6612
495
6899
4958
9089
6770
881
856
2575
5393
2598
4801
5017
6517
1779
6533
1928
2601
7212
8404
6854
9375
9224
38
1608
9938
2339
4773
4291
9987
5638
4047
3108
5919
3167
6323
7199
6093
4717
7228
2091
7425
2353
8472
5490
5765
3897
3545
574
4795
3972
1798
1826
1450
6918
9847
5066
5477
6102
2842
2825
9864
1346
7231
5361
8575
3591
5612
7261
3049
6630
6040
6747
8114
2495
3766
6317
4395
8868
4024
1187
4638
3797
7635
3731
4955
260
2809
6664
8269
8661
6804
8109
5731
1056
3106
9838
1320
9185
1888
5538
3514
2959
666
8808
985
3588
9237
2341
6213
5343
6520
9524
4702
552
4303
8326
8559
3092
7012
9961
2065
3446
6835
4139
2603
5580
22
7804
4193
4740
9900
2450
3216
3496
6719
637
858
910
7524
4766
4732
6209
7578
5556
6957
5876
404
3537
4319
4358
8827
4203
9456
7573
4444
5643
7476
7487
5587
5654
4893
7754
9391
6364
5515
2519
1511
4874
7581
3076
3371
7002
499
4477
4776
2238
9637
9091
7552
2633
8028
6387
6118
1902
4653
1365
8076
2867
8721
7179
2612
86
3856
5498
9800
865
4761
5340
3749
77
8580
9277
1708
6669
7279
2204
9510
2594
8776
2260
8177
6204
350
10000
1957
4127
8723
6196
1806
8893
1207
343
3188
7983
4825
2255
7459
652
8600
9210
382
8239
3344
7790
9889
6052
8383
9027
3242
2813
1261
8478
9520
1606
806
4903
6470
2877
7449
6376
1364
870
6586
2383
7326
3774
3393
7527
7697
2462
1415
1002
8640
5495
9314
4234
3923
530
1978
6193
5377
345
4813
9825
4391
2272
5837
5232
3349
3398
4854
6593
5409
6549
7400
3846
8286
6170
9229
9366
8591
7368
4000
8534
1556
768
2873
2404
7081
9499
1101
3483
1051
8337
1685
1432
2725
1799
2864
5234
8654
8894
4651
5870
3149
9925
228
480
8066
2152
8403
2068
5259
568
3915
3325
6452
9545
5394
8004
4246
2233
9608
7239
3043
9981
1473
3540
5086
1932
8130
8226
3863
6474
1718
687
7127
8461
4376
3727
5607
4294
554
1042
7403
654
8891
3096
339
6997
3281
8465
352
8523
5506
2126
1513
4482
5458
9789
995
3583
1280
6231
7314
526
932
9442
1482
5982
798
5142
6448
1750
996
958
6335
5571
8084
7376
8208
87
1178
7998
2337
9664
460
3448
8901
3318
5369
4214
6257
9268
6239
1134
759
1956
8869
916
3724
3866
8503
8405
57
4313
1468
3788
9044
4547
9056
7963
5474
8849
2142
5623
9795
5754
1014
5825
7008
5040
6568
80
5710
6732
5922
1068
1135
2674
7350
1735
2381
745
3652
7778
2055
6495
4056
2908
1043
1481
2934
7883
4479
3055
5833
2491
513
8168
5015
7341
4811
5094
1980
4008
9162
5857
9618
3441
1505
4782
9154
2076
4833
6816
2135
8282
1389
7156
4888
8652
4753
6703
1212
5261
8496
7641
5625
9019
999
8589
8127
9330
6256
6156
5022
2523
5948
4673
4292
5004
795
6443
6294
3912
4879
7709
1732
6186
3343
3539
5197
1293
3004
8697
2599
7416
693
1005
1243
1155
2610
7150
5886
6595
2213
3355
2461
9898
3203
7334
4137
6233
6039
548
2144
188
5749
4153
6744
5856
6614
5900
4070
5761
3506
8122
1793
527
7660
7989
6753
1847
4885
4462
5614
5242
1891
4464
8712
6639
3497
4296
3682
7394
8029
6036
6991
7684
4447
2390
2018
7380
8811
9934
3710
2440
8915
5724
9541
5350
5356
3014
4560
4251
7377
4736
1949
5943
7103
6809
1963
7084
8614
1818
9787
3146
8632
1223
3944
1106
9775
6371
6161
3278
3269
4470
3715
141
147
101
3663
3380
7111
967
522
9424
1907
5917
5502
4515
6108
6005
1392
4450
5977
2637
521
9895
6087
6238
6676
841
9293
2591
3407
5397
4797
7120
5585
7227
7881
4494
7168
4961
437
9566
5440
8625
2574
6629
4209
5980
7433
6216
801
1982
4372
5569
786
6337
322
4290
136
6509
5676
7938
7434
8152
3585
1076
3778
9170
8314
4433
6701
7051
9497
4933
8256
9145
9225
331
4173
4408
1496
8469
1283
9227
7344
483
2839
3635
3667
6430
3997
2833
7743
4936
5162
9822
443
1551
7783
8688
591
2616
2498
514
3701
7797
6060
9050
9099
2653
6455
6133
2884
5800
7858
1846
8881
1840
5129
3942
1224
1859
3552
1360
4952
2409
9158
6198
4134
6340
2561
5154
3823
8601
7415
5729
6343
1527
1220
386
6278
456
265
6967
4791
6786
3768
8149
5248
5290
3011
4744
7089
3127
6933
1816
3570
8048
4938
2501
9303
1555
4506
6656
6751
9138
4353
6228
159
9989
8951
1829
2772
6540
7715
8832
3782
1681
5038
7859
4919
8013
3687
7025
6483
1062
3936
130
9310
1378
3898
214
8042
5725
9993
518
8453
7282
4627
82
7185
218
8560
399
3804
9994
6911
9385
8792
661
9892
1370
2979
1399
2815
3198
1168
5152
9506
1858
6706
2910
828
160
4992
9182
7950
4029
5367
6353
2070
4947
911
1245
771
1699
923
1587
4129
3880
3690
4022
3528
9100
4126
7470
8817
4925
3786
713
4619
9194
4962
5221
1514
2987
5052
6982
4950
2830
8315
2907
3984
3427
1390
9656
9064
397
3838
8633
8707
5699
5641
6315
3419
7958
2793
9602
4460
4061
8751
412
8870
5872
8942
9320
2003
9309
7839
267
8249
9191
7336
8148
5812
5485
9808
7474
9102
6243
8754
1238
2970
7764
4994
5598
9921
8623
5480
7349
6487
1916
6820
9619
1209
9806
6699
7802
4385
5199
4890
7636
7846
6821
551
5649
3155
5478
4288
4892
6569
8653
1637
2716
6
3132
583
7572
1092
2819
612
9873
4835
4634
9467
7375
8488
3970
2073
8900
8867
8940
2168
6169
3107
5430
3842
7160
4410
9493
6265
802
6513
4371
5406
4556
30
2377
5513
51
5603
7219
5139
8482
2724
3603
5333
6884
2920
4196
1720
9990
7083
956
6254
9192
3957
3295
42
4071
8378
7258
8996
9850
4922
5581
4489
532
4249
8044
9999
3930
4281
9080
4769
1091
1599
6131
4003
4768
9984
3350
2436
6817
5618
7313
8436
7751
5885
4937
3346
7321
9650
1104
4267
1286
6115
4661
8930
6995
3973
9232
104
5932
6151
3320
1613
4478
2800
2016
3034
5895
8994
6202
8129
8598
4060
9947
4184
7390
6426
5360
2319
5301
1767
1910
6028
4586
1530
3189
3485
7479
4995
3692
458
2483
5229
3305
7402
5821
5865
8515
3611
1371
6584
3558
2472
2942
804
6333
1834
9152
6554
2778
8014
4912
4120
365
4178
3051
1897
9707
6769
6561
6305
3624
4675
8092
5349
2066
5679
3601
2613
2757
1669
2626
2433
6843
6935
7495
2756
9706
4812
972
9844
2351
240
3415
1428
9669
8328
9778
6297
2489
5634
8995
3301
6056
4539
9123
6562
4142
6896
926
5646
19
8026
5484
5191
7801
5685
6330
5353
4065
180
7739
3791
9685
6945
9119
1035
4106
849
6046
3114
3056
8398
9832
3054
8672
8720
5532
1081
2271
931
1583
4940
5205
3740
3390
6059
2931
2481
8180
114
9911
3008
1070
7200
2406
2293
8259
7475
2360
1330
3835
9841
5590
5970
5675
8641
278
8583
8447
9444
3267
1942
4434
7973
696
4971
4363
9346
1923
1023
5903
1979
5063
4091
3771
7537
7725
7648
2511
4488
9321
1188
9507
8410
1040
8401
2284
1769
6546
3066
3979
2609
8169
5413
5425
553
378
7053
9356
4155
3917
6818
2546
9724
6203
9692
7593
6722
8953
4737
975
8650
3321
1955
2061
2127
6010
3910
9729
8730
2426
2368
6662
3784
2902
2137
6952
2554
8027
6881
9734
6400
7852
6363
1435
9759
4442
1577
7651
5898
7942
2693
7953
6191
7462
3566
2871
7623
1991
2639
4804
9930
2108
3938
9389
9945
6095
3636
3412
3010
7786
2069
9416
7223
6836
3825
869
7539
6217
1197
7107
6585
6469
5848
1945
3852
4826
2644
9762
8091
6321
8015
5671
9466
6356
3286
5316
5791
9726
9365
4555
3608
7080
762
582
5526
5975
21
9655
2130
3285
8949
1528
7065
966
4287
6530
3031
3339
5497
3949
1160
3284
7936
6139
5358
5355
2245
4096
4660
4986
721
1
1424
9943
3274
2685
803
1543
3840
1228
2752
896
1977
6225
708
1523
3928
1357
7736
1232
6955
4594
8174
1666
9263
8277
5463
2367
6174
6755
4959
1899
9833
6492
4458
2083
4044
8581
4818
3925
8016
3688
3166
897
5925
2
1258
5222
5404
8018
3388
6960
7868
9531
7532
930
1839
395
3409
6745
7366
8433
5992
8008
2985
7174
5610
2675
1673
4405
5600
2363
3130
4188
8709
6841
3707
8802
1937
5550
616
2874
1550
3718
7100
4808
5546
132
5707
678
2811
6679
2814
4758
645
7192
4949
3706
3712
1623
6453
6824
4322
4530
1844
300
7591
1627
1660
1478
4704
3185
7750
6842
2027
9035
88
4809
2615
6812
3354
9018
805
5781
2840
8490
5326
4035
6801
4783
5713
1634
6906
5289
3379
7646
5074
2688
53
9740
4597
4101
6072
2313
6322
2476
632
4168
7999
6182
4169
7483
5344
5189
5492
4200
1625
1537
5136
4834
3121
2708
4871
3116
5733
6565
3324
441
2011
9581
2940
4253
6291
8660
3352
9798
5459
6528
9538
7203
1122
5107
1610
598
6688
7949
1204
7451
1269
3120
2945
9362
2397
4929
5335
1877
6392
401
1973
1954
4068
469
3397
9727
2856
1498
4150
7836
1321
9439
5915
1927
1883
4665
7352
2176
2924
4525
9299
9340
4105
3833
9338
6567
7389
2147
4873
1976
2030
8460
7928
2374
1518
7197
2246
2683
5517
3319
3729
4093
8261
9597
2806
203
9978
1880
772
5410
2333
9295
5691
7806
171
9683
6648
8725
4646
3808
9645
9341
4125
5227
9112
6331
8626
1817
8815
3460
7924
9280
6548
6994
3584
8299
5381
131
8757
9894
3376
2869
7547
1264
4418
3012
7563
358
7057
8902
4255
3168
5604
1836
3469
4066
413
7695
6370
4930
1342
9122
8272
6813
3073
829
9511
7853
8895
3521
8133
8311
5448
6127
7546
1363
5772
7822
320
6966
5990
6259
9903
9852
5974
4398
1383
777
9287
7608
3821
5149
7294
5719
5776
8367
3266
1130
5196
6733
1386
6963
3904
7838
7430
7777
6298
7308
9081
4414
9024
5553
9588
9829
2995
6904
2350
2162
3713
7155
2321
6348
7625
8620
44
1082
1288
8376
1417
3172
5739
6536
9601
7172
6524
2964
5769
9213
2143
3124
2269
3258
5228
4630
7871
5579
3519
4240
3865
4756
8889
7526
2229
5337
3589
2550
6248
154
9615
1663
4286
7339
8090
6345
2078
8005
4247
8278
6709
5518
2217
8906
748
2743
4092
6266
8732
3548
1306
6247
2590
7070
348
9593
6961
888
1507
8989
2527
9025
9470
4920
699
5698
5100
2589
6847
9381
3238
7311
3488
2053
4901
4300
694
8140
3968
9292
276
752
6264
5631
7316
5509
7278
8905
8290
8166
3094
7590
8332
7147
1407
361
9773
1129
8262
8157
5069
1103
7072
7615
9997
7494
5773
1274
8933
6956
7559
9576
2572
8609
5869
820
1626
3971
2516
4493
1810
1726
8062
3429
4757
4721
9790
7469
7878
3403
7371
5499
7260
8812
3328
219
620
4437
1924
3006
3356
6306
8312
1684
6424
3704
1780
5938
8357
3113
6849
33
2151
2862
1903
2812
39
8588
6068
135
9160
3922
9184
5284
9175
5642
4541
83
9639
5868
8160
1208
7232
689
6891
8051
9141
7984
3567
8060
221
3028
9823
8967
6125
1766
7553
9933
6628
7186
9373
8851
7405
29
4573
1500
2937
6482
6799
9302
6618
1560
7707
389
477
8850
1878
8592
2080
3647
6858
295
5250
947
2961
5230
4815
5624
5554
8863
9960
8555
5385
8957
7022
1743
8793
3204
5909
3659
2300
3981
7661
7848
6564
510
4088
3257
6749
8320
3753
2136
9710
1310
6986
5380
2435
1680
2370
6362
724
8931
1642
4628
8057
6543
4472
8010
2791
630
3538
1161
496
9826
8938
5432
3738
6739
4053
1873
1382
5576
5287
8340
266
1785
8477
6871
4895
3513
8429
3976
7529
9115
1343
4687
4607
8533
190
6681
3516
6750
3546
3476
3493
2650
5978
7538
5206
5799
207
2790
8305
8852
9854
134
4792
7154
9612
4250
7905
7960
4191
2983
5965
5168
6403
6329
7222
9423
2012
3250
2882
1931
3962
5566
4679
6882
8928
5955
6981
3816
2095
4195
1196
5997
6488
7569
6696
7693
9739
7133
8365
2796
421
2215
5170
4898
245
5530
8300
1451
3505
2751
6992
6677
7618
3849
7078
1093
3909
4924
4382
2422
6890
5745
8197
809
501
6462
6958
3225
2755
5378
9717
3359
8086
2280
6273
5703
4226
2289
2750
2914
7665
5182
8446
2753
9197
2900
8187
2588
5820
7437
9559
3993
4739
8912
7997
2154
8344
9376
6626
1696
5751
4273
4723
5680
428
7947
337
5211
3593
1252
6110
5746
4931
9200
3176
5883
6974
5663
9784
4557
3331
9755
1214
5443
7473
9082
7132
6898
4713
7406
8937
9668
7914
1747
2798
6031
8068
4274
2747
2244
8093
8658
9286
7414
7338
2139
5302
9288
8073
4849
7961
4837
1641
4347
8734
2268
4284
8948
1403
8342
2372
2660
3851
8445
3986
4608
8170
7644
4263
1210
7673
5944
6708
3861
5756
5056
6179
1385
6909
939
5928
1590
6431
1226
6464
7287
284
5030
1911
8061
1366
1151
8012
3472
3437
9116
8659
5660
49
6731
3201
8358
8954
2727
2991
2911
2824
6832
3317
151
7068
8538
7902
7749
6539
682
5110
5024
1919
9087
7210
4116
8181
723
6134
8466
359
5828
3089
8797
650
4138
7438
2866
1786
124
4085
2279
5118
2150
1804
8716
1788
3302
4831
9836
8287
2471
6502
8879
3847
3726
543
2763
5469
296
1501
927
4501
8464
5198
5565
4185
1630
4828
8207
7705
8681
3021
4025
4475
6570
4641
7067
244
2369
7988
1267
562
9682
6766
6260
9660
5899
6730
5009
4455
7054
1730
2443
9858
2681
8562
2239
3572
1053
3832
9264
8695
9195
2913
1965
1183
226
4987
3508
2775
4822
9041
3626
2630
7143
3026
3347
3421
4658
8878
1811
5658
2564
1021
4535
3872
3678
8202
5210
150
6518
2356
8228
6581
7888
4130
3200
4663
2517
6838
7471
1672
270
909
5389
569
2250
6837
2464
6190
1292
1094
2394
9532
9352
5910
8493
3327
4764
9569
9361
3616
227
8387
5888
2737
2448
2299
5639
9893
1566
3452
1856
2528
7508
8264
2890
5007
7543
4960
9684
3723
6929
3335
8648
145
1901
617
7885
2484
4058
3881
9598
9763
8253
4977
9971
1440
4985
5231
6223
7337
5121
308
6008
7668
1824
1588
1149
8045
1751
9146
3773
7373
8846
58
8772
1167
753
4163
3694
6158
3030
1046
3360
3218
3157
6999
9888
901
7962
7741
1352
4063
234
1194
5465
6587
1575
2161
1988
5320
4788
1812
2967
5018
7074
5740
8281
4019
4270
4368
5264
4957
9530
2222
4326
8514
1297
1318
9435
1173
9550
5263
5251
779
9771
4036
1180
2994
9254
6365
8412
6080
874
1241
41
2739
143
6212
5752
3689
7870
3988
2553
8135
8331
6334
6199
3148
4964
5704
3406
3665
4318
9691
9553
789
4636
8304
133
5387
4335
8112
1900
2505
3387
3022
1393
8963
2534
158
4780
596
4451
5104
2058
5181
2826
7320
3255
5212
609
1921
5768
8705
9817
1449
7145
5334
7519
669
4542
3075
4531
2017
684
7808
3501
4121
5620
2205
5318
7534
1805
7752
9629
9048
1890
692
8049
7785
5426
3581
3801
2802
1234
9537
6984
4690
6450
5011
7722
1036
3650
4868
5241
1723
827
9959
5533
7564
4819
7351
249
5319
6107
7609
2220
1721
1657
3515
7348
3644
5560
7873
8816
6608
7062
5411
846
3568
5216
9480
8407
8507
4633
796
9408
4894
6014
9441
2728
2345
123
3183
4897
74
1586
3662
9526
9830
7315
1324
2695
3140
3837
2526
65
7620
1700
8842
5562
5158
9801
3491
314
3474
9388
3620
3159
9398
2265
8317
439
263
5555
5923
7365
7795
4140
1943
4832
9189
3482
4503
8986
8882
1633
8529
7333
3617
585
6274
6927
281
3745
7101
6506
1674
5243
4504
5414
7657
4939
5864
8201
5412
3987
825
1454
5645
8247
542
1171
5141
7706
9765
6358
8105
1295
8353
9767
6394
2329
8506
6717
6943
8125
5884
2851
3383
6270
2863
7347
6985
8618
610
7982
6510
277
479
3112
4147
2485
3765
9634
2720
1733
6637
5177
6588
2093
703
4309
7431
309
7769
449
8807
4678
1697
5827
8134
1349
467
791
8698
5586
9486
5690
6210
3428
3758
7828
6048
9317
4585
1665
7280
4616
9256
5305
4698
2855
5342
4435
1250
8729
9735
8861
977
5225
4671
8119
7122
5314
7574
5669
9401
2889
3451
5256
6913
347
5941
1034
4968
4645
2782
9875
2664
2593
7423
7428
8680
6034
1765
2794
9402
5849
1585
3827
5457
6948
8322
6301
8567
5276
3081
7413
7964
2002
1607
1763
8663
4508
5120
9124
7779
6757
4453
1425
8944
5661
283
3336
9540
1471
8784
4707
9560
7343
2835
899
497
4198
3088
8434
5175
4332
3115
7694
7557
3279
6606
6379
7265
9451
4722
7831
2818
5472
5936
2640
1922
5973
279
914
1525
6232
3098
2905
7409
1367
2587
979
9142
4133
1683
2315
292
4550
3600
6106
3794
7664
7091
9703
9678
1438
6189
4323
409
5853
1136
5991
9259
1338
1495
6673
3158
2868
4727
3206
3245
9621
6229
3750
4012
9791
7076
556
3657
8164
9779
436
113
7045
625
8977
9005
6442
4686
5788
6773
3196
9585
6438
9914
8903
7104
4307
6779
7274
3798
7305
7757
9670
4421
883
3061
7744
6500
2416
8561
922
2718
9760
9747
6886
8587
2536
5173
3069
9250
5912
9343
5728
4186
8662
18
8962
8810
4328
6415
604
8036
8473
5093
4836
9042
683
9818
7463
9413
5336
9327
2064
7206
7328
4499
4367
3730
8578
6924
6526
9658
6423
2875
4869
9596
7995
9737
9953
384
8753
110
9477
9626
167
3520
1419
4177
7026
8167
764
9831
4650
8508
3057
6752
5616
3137
8366
2611
1571
7009
1066
2525
4746
5843
1184
1007
9913
4011
8789
2503
4239
3563
5270
6375
9716
1569
9290
2421
3067
1175
850
5572
4934
6255
6857
5273
1388
5208
7121
76
2963
4882
711
5036
2252
9912
626
1227
8025
608
2141
5403
1645
2257
1090
5672
9877
7626
1190
1782
9464
4905
6284
1325
3272
6268
9221
2780
1032
9543
4018
6456
6352
769
2888
7686
4232
765
4144
91
2431
6094
261
6214
8406
5143
2643
4295
8099
8031
4220
4026
1236
3316
8022
8738
3457
4863
5034
8522
4205
5292
7577
7535
955
9161
3577
6535
9368
6287
8980
1380
6870
9315
9573
9132
3400
4262
8702
371
7016
3119
9217
9719
5718
8442
4844
6605
4213
5514
5783
262
2547
549
1715
5207
2364
6793
9809
4921
5632
6410
9688
5636
4839
2619
9369
5500
6873
7129
2199
4017
6011
7799
5125
4956
4189
4229
6834
8646
6792
7662
464
338
6683
8009
5877
8374
5058
509
1827
6624
4473
4306
1960
2218
2848
9134
7453
1871
3036
1619
6478
5027
6643
5244
8443
7554
2237
3478
4709
5561
7060
3093
9153
5278
4181
1421
6380
1353
7809
9169
9355
2530
3902
7432
2597
8557
5863
3498
6557
3091
6516
3425
3191
575
1549
1460
4979
5103
502
6152
9595
4778
5417
9428
3864
8288
7542
9883
5384
4841
4693
7195
2853
4431
6316
3547
9371
3192
3367
7690
3288
1102
9386
5323
3366
5963
6660
7896
1001
3384
4289
3623
7654
9731
8132
3313
1707
4674
9528
4330
402
3859
3059
6942
9957
5049
9075
3767
4528
649
991
9750
2509
4110
9445
9029
7023
5060
5858
9193
2585
1475
8373
1065
5298
4887
9811
2408
4861
1701
5416
685
7674
7331
5295
1202
2004
5178
3467
3709
3399
5253
8355
5523
7734
9489
7233
2133
6941
3822
1756
2314
8540
2442
710
2077
8826
5687
3306
9980
60
5711
8556
194
3261
2928
8773
4998
3151
9311
1361
8804
4802
4509
172
7472
9046
6794
4049
4751
7787
8190
7597
1738
8992
2235
196
487
4526
5309
8360
2186
2392
1405
257
1952
8524
8489
3889
6205
5878
498
9783
1048
4483
8859
7387
241
6412
1458
7930
2917
3333
220
408
6920
6150
1917
7297
2703
9627
5386
9907
2447
8003
3664
7106
7190
6741
5045
2297
5219
7020
8907
1712
1132
7993
3562
1874
1148
7245
3792
7291
8610
5113
5511
9284
5345
5217
1990
451
2100
2263
7458
5366
8896
3235
3642
224
6037
5987
4342
1688
7109
4446
2666
5594
761
7710
642
2859
6446
6610
2870
6531
6512
1110
6534
7410
1089
6434
5424
8611
5890
2231
8427
3735
4079
6219
1069
8926
5200
8924
9252
2183
1860
4373
8551
3413
335
9730
4997
1332
7393
5398
37
9676
3217
8913
2729
7140
7968
163
9144
3980
2396
4157
4242
3899
9628
8639
6432
2952
155
2262
3517
4359
3047
9503
6136
3969
4896
3402
7191
6185
6369
5911
1801
7357
690
4548
2821
3345
3648
6877
5427
9516
5466
5002
3378
9247
7035
6473
5738
2836
1059
6538
2170
5482
6091
8369
5892
6787
9332
4752
2749
8814
5875
4269
8296
3573
5608
9271
8917
8334
4179
8459
8145
3775
970
6027
4511
6609
9690
4823
848
5348
3974
7110
7872
5601
7422
9269
778
9068
7910
5593
8950
6811
660
4083
5855
9644
3473
3805
9073
7099
8019
2831
1553
5670
7324
546
3087
9663
7667
9136
7894
2209
738
9009
2223
4362
5730
680
9120
2647
8777
7723
3184
1275
2621
4351
3953
1493
7687
4576
1814
6573
9720
9623
9828
7677
5656
282
5039
3800
97
9698
1951
7507
5535
1944
407
2309
9512
6292
6097
1271
7558
8760
2861
5706
5681
3511
7708
1494
1969
3271
2304
8939
2676
231
1841
2614
5790
6950
1192
5157
3955
1253
9405
7758
4387
9785
2879
6461
185
54
9492
8961
9752
5324
6962
273
3308
3237
2632
2555
9453
7506
7614
3122
4817
8747
8219
2216
4033
2567
6638
461
5082
6785
5516
9867
1331
1152
8746
1340
4856
9649
6030
6519
1573
2976
6856
6968
6715
8204
4009
373
5956
7730
3725
5940
7285
5303
7844
9522
3131
1427
1771
1237
570
3950
9556
1758
4122
1052
6892
773
7825
7378
7303
310
7952
6471
7892
6511
6119
9802
353
8693
3209
951
5960
1304
398
1251
2115
3126
755
9876
8871
2925
6105
4257
8476
9298
4426
7688
7773
2405
9440
3668
9478
4540
1828
8726
3145
2697
2953
4578
5312
6594
840
9827
3905
2214
7759
3504
6979
4109
9211
5456
3303
165
7342
4211
9012
5551
8671
2437
3252
4728
4519
8819
4283
7266
3685
5775
1315
5861
3226
7066
9427
2190
7139
6160
3900
7811
9354
7006
7676
737
9201
9281
8604
2966
20
417
6759
7512
4517
1156
9584
8782
782
306
6187
3490
2974
8647
6902
7443
5164
2001
6341
3541
8686
3289
7540
2164
9469
4647
8803
6025
4800
7237
4123
6707
6016
1157
2748
427
8607
4571
1576
4590
8724
8737
3937
4415
317
1075
222
1467
767
2298
8645
3612
1974
705
425
3190
6879
1411
6162
2388
2980
3291
7692
5893
9006
3809
2764
423
9777
8985
9741
8971
5998
5802
6571
727
7196
6552
8574
2117
4910
1690
1705
2699
631
3358
1958
3619
6066
8250
8516
6893
8564
259
4760
5684
8964
9632
1510
4617
8999
6224
8238
8271
5306
857
9159
4642
2327
6307
8370
3231
6712
1109
5617
5006
168
4075
4175
3253
9860
9176
8884
2746
8301
3193
695
5921
9384
936
7499
1026
3018
121
2380
4004
783
5757
7545
2583
5475
7670
9674
8089
938
9803
1557
6021
7671
3994
9616
7234
435
3160
9986
8818
3373
6631
2586
1087
4412
8572
2654
5613
3975
3194
1535
6645
4793
6859
8292
7926
7289
5262
4298
6148
1783
9863
1803
4516
6407
6147
9383
6566
792
3780
6774
6771
7944
56
6490
9103
3
1580
9919
9567
6192
424
9539
9982
2562
906
8497
4207
7855
4305
4507
1257
6211
1100
7866
1594
376
1968
957
1174
6655
2184
5976
3884
2661
7628
8855
6303
1706
2846
1640
4409
7916
5914
6998
988
3870
1379
7244
7395
4073
7978
1011
4843
1476
9533
7861
2829
9992
2160
1833
2768
6437
4862
8520
6806
5091
9003
4981
5838
1341
6435
3085
7236
2656
9985
5013
2343
6393
8449
183
3594
5119
6428
2045
7685
8675
8294
6112
299
3677
9607
701
8710
175
1759
3232
3300
8450
2926
2120
4238
26
5804
1850
7264
1474
8455
3705
254
9496
2201
3534
4942
6728
7875
4404
9577
7033
2713
9372
153
1008
4468
9265
9420
7969
2025
5559
5481
3500
1994
3776
2769
5882
3170
9965
7208
3229
4598
1565
8080
9248
4532
305
9797
7919
4999
8307
1225
6978
1936
7063
5445
7681
5286
8873
9855
3374
8242
2113
8348
211
2107
603
3323
8701
1875
6778
5547
1396
5429
3422
559
9360
2074
5688
567
2071
5117
2274
1285
1761
9038
4067
4094
9086
8778
2224
1972
7566
2687
3755
112
3829
3340
1430
8198
9079
9437
675
8354
4747
7768
7616
3123
670
7567
291
8925
8872
4923
3883
7655
2258
3918
9897
4767
5797
8039
833
5042
9218
2446
7814
5115
2157
5602
2504
7018
2086
4689
651
252
5131
1601
8548
5382
2463
8617
2477
8409
4891
9206
7138
1099
3417
4865
1072
7017
4976
8833
6311
7970
9325
3224
6627
5051
8058
85
3015
6085
367
3381
3003
3977
6422
5949
4148
4710
2187
6226
5161
2441
7550
1086
9228
963
8935
4377
9328
4428
3215
8990
2400
600
8327
3197
6465
84
9098
5674
2515
998
862
6177
1561
2288
6726
9198
4166
8835
7669
5755
9502
6680
2797
1147
4042
5662
5692
6885
6498
4369
6674
800
912
3080
5239
7011
6299
5271
5568
5959
1558
2860
1033
5174
5102
5105
146
6553
6342
2578
9357
8991
105
8024
3394
1992
6405
1351
6582
3440
4983
9835
8886
6602
9995
6989
179
3315
3660
5379
2424
9244
2891
5375
3598
2456
9472
6641
5184
5346
8498
3763
7580
6900
304
5958
9617
4293
6972
6206
4001
2606
1050
9725
8053
9963
9367
7821
4622
9484
8415
8234
2898
6970
9061
3885
453
6035
1849
3561
8577
7807
7467
8484
7823
1408
719
4596
3836
4810
5452
4407
2895
8306
1808
7302
2992
7805
2754
8361
9166
248
5894
7627
5054
4037
2149
6280
1222
5415
2414
9426
2668
7340
8841
2972
8684
1189
2228
8597
1012
4151
1240
8037
2649
8983
1832
225
1063
4383
8599
1966
747
380
831
8154
6064
3270
7860
581
9594
6544
2211
4277
8
813
5176
8651
6138
2652
3618
1439
7738
4080
3470
8386
2196
4852
7565
2817
7898
918
9058
6103
3675
9574
2296
1116
523
6089
3621
330
2977
2827
4695
971
5720
8356
898
7792
7269
6023
1137
2734
8363
5260
208
8136
2852
5020
4886
6314
7922
5896
9733
7032
6866
1617
8237
2766
7583
9008
5317
8602
4850
6917
4315
3655
2658
595
6592
8775
6026
7355
1646
1848
5701
2999
344
9471
7742
8451
81
534
3543
1741
6378
301
9219
8467
9885
5373
7899
8329
1107
5854
6002
3023
9590
4581
6507
770
9148
5279
2569
5866
921
5288
3251
1542
1529
4406
3019
2393
872
905
9039
4604
6171
4389
4559
357
9611
5464
2784
3935
2046
7666
2191
4697
6309
2286
9824
5272
1418
655
3671
852
2502
9312
9380
3341
6360
1294
2973
1540
615
6682
8054
2182
8172
8666
735
2592
3420
3181
8458
9718
3574
6768
7492
2899
5075
3860
6079
8616
5946
9021
7384
387
1797
6574
7735
5968
6355
2040
5422
272
109
9305
4089
9814
5945
781
2741
855
3844
7450
6713
9705
7633
635
9171
8820
1314
1121
5994
2410
1302
6833
5408
346
7050
9662
4393
1930
2259
7204
1163
4320
3477
3454
2125
6013
2181
8235
9179
8071
9190
6486
8755
2620
1384
8163
6880
1205
9518
2607
8323
4108
9253
6359
3696
7036
3903
1635
3906
6354
6810
5784
7049
3244
1773
7240
2537
1775
2832
4344
5844
8619
7857
3602
8017
8993
3103
688
2138
7286
8627
515
4194
1055
6113
9114
7880
8103
3535
2109
3455
2020
5570
9209
1216
7653
3769
1668
3241
8413
986
3966
7306
5748
1244
9955
7851
7346
7448
5395
9701
4124
1433
3622
3187
9513
3609
7598
3268
8888
7603
6743
1579
5268
4384
2439
6831
5512
5574
7856
1333
215
9689
9744
238
8075
1843
3633
9976
7817
7498
929
3676
9270
3820
9956
8257
6388
4245
6277
7683
7510
9487
4032
7444
3586
474
9107
1506
2251
9434
323
9677
1098
944
1981
2156
6973
5351
2726
3262
4563
8911
2989
9768
6668
2267
6319
6903
4498
7649
8988
4348
5714
3165
3297
1276
8072
473
6545
1003
2765
8521
7486
2876
4233
3722
3487
5826
5906
253
6617
3605
6020
2486
2667
7555
1254
9558
644
3597
9459
7332
2308
1373
9462
1461
1118
3199
5165
2177
7175
1713
824
1602
9235
4857
1215
6895
933
1912
201
1534
7149
1457
6083
4982
1807
2579
4781
7119
9333
8909
9527
7299
6069
3764
1592
6240
8714
118
1929
4043
3796
6441
5995
2008
1074
8643
356
1391
7816
403
1869
4570
7571
1201
3742
8739
8318
7850
5664
7862
1079
1108
9974
1233
9069
7530
8046
8715
2241
1837
9135
3361
7767
9772
7354
3220
5267
3658
9308
3180
4878
9059
2997
2342
940
3009
4551
2352
6532
9222
286
289
8030
193
9294
9583
1345
3027
7124
2570
7397
877
3596
2531
6505
8266
3615
4394
9865
8241
8899
5595
1996
1263
7096
1624
78
432
102
6782
8487
4357
6440
329
4374
4038
2167
5537
1918
5651
6165
8100
9805
5993
8011
7843
1381
885
5832
538
2013
7810
3759
5881
3945
9610
9535
1018
8428
8691
7813
8126
7882
1941
672
6949
9680
8787
633
5677
7327
1416
505
6367
540
3177
7630
8258
5935
2063
1080
6181
3456
1339
1499
6522
6748
8946
7901
5299
1441
6563
7441
1648
9815
6735
385
7941
7255
8966
3365
8800
3523
2522
9592
8420
5667
4545
5635
152
6261
7703
3072
1517
8195
9143
4911
9906
4261
3182
8836
7975
2434
5062
9390
5615
2081
5021
7827
2198
2512
5140
8480
5274
9563
4688
2552
3143
5846
1939
2031
9095
3447
9862
9721
3960
4748
9579
7966
3375
3911
679
3000
6850
2689
5048
4087
5845
9599
442
3744
5952
2221
5525
2302
1186
6457
258
8437
9282
7728
9591
9243
2348
589
7198
4655
919
2470
3135
6692
3013
4990
4859
7254
3466
2624
5135
2659
2623
2094
573
9318
8847
1509
6253
6547
7161
1908
960
4583
7189
8920
6092
8146
2981
7379
3613
641
7619
9525
6758
8263
334
2494
2669
8491
9076
2323
4454
7309
2767
1497
1369
1611
5695
1020
4632
1636
9110
8576
1574
3050
6071
2056
3443
8768
5873
3747
3348
1603
2885
213
6124
8741
5081
732
2903
4978
8393
1562
3411
5101
9066
2604
613
875
1455
8615
297
3233
9871
488
406
4779
6173
4676
7721
2423
2702
2316
5771
3839
115
4438
6220
2114
7075
9922
8336
3254
807
3954
8973
8857
6654
4829
882
5979
4718
9238
411
1375
2129
880
8144
4156
229
6391
3386
3850
2580
983
5628
4565
1309
4114
8922
1778
8043
5588
2277
5785
8547
1671
662
7188
8452
6075
9255
5816
4090
6855
9047
6613
2731
9266
2047
6839
9261
2759
6494
9821
2872
472
1552
4536
8470
8829
3875
4711
2082
867
280
268
7658
3432
1486
9022
4364
8150
4935
4007
1704
2307
3990
7794
1282
1479
6772
6931
1906
6183
5473
716
6868
6067
4034
2730
27
544
8227
2197
3770
5567
8192
4683
9251
5686
8430
2762
6018
5867
1025
4606
9220
1915
9671
8603
5582
8276
285
9786
4132
3396
8095
7912
8550
8692
8492
5438
230
8210
830
3732
6373
3691
6195
415
5266
9687
7689
9700
4965
2474
3239
2105
2922
4927
4416
6098
6447
6390
8291
166
8345
5961
5215
7058
4218
7974
302
6078
7877
8779
6251
5224
7041
9239
7221
9751
1488
8055
1692
1532
4440
9764
7421
7793
9869
6006
478
3174
4980
6076
4224
9432
2009
2969
6241
4039
6503
3824
4321
144
139
1589
1855
8041
2340
3754
8840
2740
7584
8116
2378
6055
3153
9878
3554
8959
7146
2145
757
9296
9313
2993
3779
3996
8483
9515
1862
6111
8395
4441
7456
8268
3169
5467
6009
3606
8077
2023
379
7886
611
7281
1768
948
5171
64
3582
9077
210
4333
1394
466
1422
3290
586
9040
3814
9461
7556
2915
6003
465
7536
7533
5589
5774
8372
4521
3549
1948
1655
5076
6062
2789
811
9924
7829
6829
4023
4336
9711
6583
3045
1661
232
5962
3223
742
1620
3032
5830
7840
2732
275
6789
7587
5126
8339
1885
400
3040
9935
4280
7763
9804
7937
4201
1774
3828
9016
6815
8823
4858
9517
9071
7031
1230
9666
7019
3871
5000
1662
3985
8837
2858
623
3304
937
1179
6658
8677
731
8175
5383
1124
9339
7541
1077
5709
9351
2266
1296
9062
954
6159
9742
7701
3510
6245
9712
6382
4908
1664
3656
8389
3084
5331
2402
4487
976
6527
2227
8565
5108
9675
9917
8892
9096
5700
3062
7568
1182
3941
2799
6489
6653
7247
9667
1287
528
726
5061
8634
216
1682
2361
6875
4411
197
2243
8780
6651
1170
7126
9654
606
8699
2892
9422
8316
5249
4842
3533
4227
5421
8384
9180
9954
1144
8585
3625
2584
3207
8890
1852
5503
3736
1166
2232
485
3532
6711
959
7624
5592
4149
965
8368
1404
2189
4436
2804
7680
6222
1694
7762
7047
5240
4084
3450
375
718
3227
8153
2692
4899
6805
5012
336
1905
1071
111
519
9083
7897
2918
577
4396
2059
6269
3311
5460
4216
2455
5522
4838
3762
6874
7398
6286
1554
6883
7849
1058
3564
5665
8156
3891
8943
122
8934
3684
4684
8622
7931
7832
4107
1800
7826
7863
1962
7292
7915
3322
4948
9756
5705
4522
2758
3248
9400
5871
4941
6951
7835
7954
420
7611
9230
6721
156
6983
1305
5277
866
6830
4706
507
8978
2320
7382
6384
8834
106
1047
4486
8513
491
2049
8545
5717
4989
6326
4730
2024
1159
4098
9208
1987
7243
5782
8171
1256
4552
4945
3629
1861
835
4529
834
8419
5325
7117
7477
8636
8590
6971
5584
2247
750
5407
4256
8186
8468
1940
7775
1649
9586
945
4013
9241
6515
7576
974
7024
8182
9455
422
8637
5689
1126
9020
8120
7310
5146
9975
3869
9297
3142
3940
4649
7296
5999
8088
6153
1904
2006
2709
8594
594
561
506
5531
2805
1313
3097
5528
5371
7798
5984
5307
4111
3489
9546
3068
4505
1193
8289
1141
860
8945
6704
8293
6293
4241
2453
6409
4104
5
1465
8525
7295
4593
638
4069
2636
1886
8742
8509
8532
2573
2193
8927
3524
2007
2373
8765
182
4423
8813
7271
4314
1710
6057
6684
3247
4500
9732
7093
6032
1892
1938
3195
62
6919
2283
7920
7972
763
5823
2651
2581
4457
7464
445
3914
1819
6558
3240
1112
3592
9036
463
1444
8397
5986
1198
2549
9651
1242
9054
6399
511
3164
2097
364
3362
303
2625
9431
3559
340
3926
2958
7634
3385
9794
5123
3037
6310
619
3721
8706
2338
8254
8676
8143
8596
1512
8838
2465
1436
2706
3445
1825
5109
6723
2520
7682
1084
6166
3848
9886
7171
8740
3213
1749
5829
2837
5650
3666
2854
73
7819
4366
319
746
6065
3024
8717
6408
5265
7812
531
89
326
381
8505
7959
4553
8783
6285
7435
816
434
3404
462
4386
1522
186
6632
3963
1117
887
9
3877
3741
6061
9240
6366
7461
5095
4419
6579
7522
1737
5068
5468
4275
5179
7298
7052
8519
9168
9358
1273
5311
4569
2344
9199
5519
8222
8649
5116
8233
6826
3136
2106
9053
1650
2956
7605
5112
6650
8655
454
4170
1061
5727
6451
3438
1830
4954
864
4591
5085
5399
3101
743
7181
3277
377
2722
2605
7834
3746
1347
4325
4002
4946
8563
6690
1985
785
7500
7745
2949
4712
2146
720
9969
1344
7755
5294
6497
3475
6084
6141
2492
4567
3053
3391
1298
950
7215
4324
4932
1459
4847
3643
7976
599
9972
7454
5449
9853
5806
5194
6271
6200
5226
8936
8864
2622
6267
2849
1377
4448
1882
9916
822
9614
1127
3264
354
3867
3607
3919
9966
3228
4534
4512
9587
7229
6551
2473
5332
9482
6481
4402
4943
2563
7115
7372
1813
4851
4252
294
3992
7007
9788
5760
9910
1881
592
9613
3138
2785
601
1307
5489
3661
3048
1431
1615
7909
6523
9150
8121
593
6336
5050
8220
4866
410
7217
3556
3507
1463
1462
3610
8078
1654
5283
2738
2335
5064
161
1083
2717
9013
1598
817
9476
177
3982
4299
4592
3296
7935
8359
6449
9490
4268
2287
7158
8635
6572
7585
405
2596
1711
5501
1229
4733
9412
298
1658
3733
4260
704
2278
184
1679
2312
3070
6944
6693
3039
9642
5716
9273
3876
756
1464
2042
9045
7213
1503
5310
4774
7548
7489
2301
1544
5304
9186
1563
4380
8425
1838
486
3439
5363
3743
8795
3109
4476
3162
6350
8621
2686
5626
3368
6661
1614
4600
1570
1289
2707
2954
2670
3502
9133
7592
4785
438
3868
9105
9418
8223
9257
949
8703
140
9101
4461
2896
3161
7946
2391
6666
4052
4820
9411
195
3810
7841
2072
9810
5124
7604
3579
6019
1154
2719
4183
2418
4190
9638
3854
4031
8280
851
2641
3129
9399
8774
1643
6796
4624
2169
788
