fwriteC_100_1 = [1, 1, 1, 1, 1, 1, 1, 1, 1, 1]
fwriteP_100_1 = [0, 0, 0, 0, 0, 0, 0, 0, 0, 0]
freadC_100_1 = [0, 0, 0, 0, 0, 0, 0, 0, 0, 0]
freadP_100_1 = [3, 3, 3, 3, 3, 3, 3, 3, 3, 3]
fseekC_100_1 = [0, 0, 0, 0, 0, 0, 0, 0, 0, 0]
fseekP_100_1 = [4, 3, 3, 4, 3, 4, 3, 3, 3, 4]
compC_100_1 = [0, 0, 0, 0, 0, 0, 0, 0, 0, 0]
compP_100_1 = [31, 7, 23, 25, 14, 17, 45, 49, 2, 14]
tempoC_100_1 = [0.000000, 0.000000, 0.000000, 0.000000, 0.000000, 0.000000, 0.000000, 0.000000, 0.000000, 0.000000]
tempoP_100_1 = [0.000000, 0.000000, 0.000000, 0.000000, 0.000000, 0.000000, 0.000000, 0.000000, 0.000000, 0.000000]
acessos_100_1 = [8, 7, 7, 8, 7, 8, 7, 7, 7, 8]
tempoTotal_100_1 = [0.0, 0.0, 0.0, 0.0, 0.0, 0.0, 0.0, 0.0, 0.0, 0.0]
compTotal100_1 = [31, 7, 23, 25, 14, 17, 45, 49, 2, 14]

fwriteC_100_2 = [1, 1, 1, 1, 1, 1, 1, 1, 1, 1]
fwriteP_100_2 = [0, 0, 0, 0, 0, 0, 0, 0, 0, 0]
freadC_100_2 = [0, 0, 0, 0, 0, 0, 0, 0, 0, 0]
freadP_100_2 = [3, 3, 3, 3, 3, 3, 3, 3, 3, 3]
fseekC_100_2 = [0, 0, 0, 0, 0, 0, 0, 0, 0, 0]
fseekP_100_2 = [4, 3, 3, 4, 3, 4, 3, 3, 3, 4]
compC_100_2 = [386, 386, 386, 386, 386, 386, 386, 386, 386, 386]
compP_100_2 = [31, 7, 23, 25, 14, 17, 45, 49, 2, 14]
tempoC_100_2 = [0.000000, 0.000000, 0.000000, 0.000000, 0.000000, 0.000000, 0.000000, 0.000000, 0.000000, 0.000000]
tempoP_100_2 = [0.000000, 0.000000, 0.000000, 0.000000, 0.000000, 0.000000, 0.000000, 0.000000, 0.000000, 0.000000]
acessos_100_2 = [8, 7, 7, 8, 7, 8, 7, 7, 7, 8]
tempoTotal_100_2 = [0.0, 0.0, 0.0, 0.0, 0.0, 0.0, 0.0, 0.0, 0.0, 0.0]
compTotal100_2 = [417, 393, 409, 411, 400, 403, 431, 435, 388, 400]

fwriteC_100_3 = [1, 1, 1, 1, 1, 1, 1, 1, 1, 1]
fwriteP_100_3 = [0, 0, 0, 0, 0, 0, 0, 0, 0, 0]
freadC_100_3 = [100, 100, 100, 100, 100, 100, 100, 100, 100, 100]
freadP_100_3 = [3, 3, 3, 3, 3, 3, 3, 3, 3, 3]
fseekC_100_3 = [0, 0, 0, 0, 0, 0, 0, 0, 0, 0]
fseekP_100_3 = [4, 3, 3, 4, 3, 4, 3, 3, 3, 4]
compC_100_3 = [579, 579, 579, 579, 579, 579, 579, 579, 579, 579]
compP_100_3 = [31, 7, 23, 25, 14, 17, 45, 49, 2, 14]
tempoC_100_3 = [0.000000, 0.000000, 0.000000, 0.000000, 0.000000, 0.000000, 0.000000, 0.000000, 0.000000, 0.000000]
tempoP_100_3 = [0.000000, 0.000000, 0.000000, 0.000000, 0.000000, 0.000000, 0.000000, 0.000000, 0.000000, 0.000000]
acessos_100_3 = [108, 107, 107, 108, 107, 108, 107, 107, 107, 108]
tempoTotal_100_3 = [0.0, 0.0, 0.0, 0.0, 0.0, 0.0, 0.0, 0.0, 0.0, 0.0]
compTotal100_3 = [610, 586, 602, 604, 593, 596, 624, 628, 581, 593]

fwriteC_1000_1 = [1, 1, 1, 1, 1, 1, 1, 1, 1, 1]
fwriteP_1000_1 = [0, 0, 0, 0, 0, 0, 0, 0, 0, 0]
freadC_1000_1 = [0, 0, 0, 0, 0, 0, 0, 0, 0, 0]
freadP_1000_1 = [21, 21, 21, 21, 21, 21, 21, 21, 21, 21]
fseekC_1000_1 = [0, 0, 0, 0, 0, 0, 0, 0, 0, 0]
fseekP_1000_1 = [21, 21, 21, 21, 21, 21, 21, 21, 21, 21]
compC_1000_1 = [0, 0, 0, 0, 0, 0, 0, 0, 0, 0]
compP_1000_1 = [30, 32, 19, 58, 61, 62, 53, 52, 20, 44]
tempoC_1000_1 = [0.000000, 0.000000, 0.000000, 0.000000, 0.000000, 0.000000, 0.000000, 0.000000, 0.000000, 0.000000]
tempoP_1000_1 = [0.000000, 0.000000, 0.000000, 0.000000, 0.000000, 0.000000, 0.000000, 0.000000, 0.000000, 0.000000]
acessos_1000_1 = [43, 43, 43, 43, 43, 43, 43, 43, 43, 43]
tempoTotal_1000_1 = [0.0, 0.0, 0.0, 0.0, 0.0, 0.0, 0.0, 0.0, 0.0, 0.0]
compTotal1000_1 = [30, 32, 19, 58, 61, 62, 53, 52, 20, 44]

fwriteC_1000_2 = [1, 1, 1, 1, 1, 1, 1, 1, 1, 1]
fwriteP_1000_2 = [0, 0, 0, 0, 0, 0, 0, 0, 0, 0]
freadC_1000_2 = [0, 0, 0, 0, 0, 0, 0, 0, 0, 0]
freadP_1000_2 = [21, 21, 21, 21, 21, 21, 21, 21, 21, 21]
fseekC_1000_2 = [0, 0, 0, 0, 0, 0, 0, 0, 0, 0]
fseekP_1000_2 = [21, 21, 21, 21, 21, 21, 21, 21, 21, 21]
compC_1000_2 = [6996, 6996, 6996, 6996, 6996, 6996, 6996, 6996, 6996, 6996]
compP_1000_2 = [30, 32, 19, 58, 61, 62, 53, 52, 20, 44]
tempoC_1000_2 = [0.000000, 0.000000, 0.000000, 0.000000, 0.000000, 0.000000, 0.000000, 0.000000, 0.000000, 0.000000]
tempoP_1000_2 = [0.000000, 0.000000, 0.000000, 0.000000, 0.000000, 0.000000, 0.000000, 0.000000, 0.000000, 0.000000]
acessos_1000_2 = [43, 43, 43, 43, 43, 43, 43, 43, 43, 43]
tempoTotal_1000_2 = [0.0, 0.0, 0.0, 0.0, 0.0, 0.0, 0.0, 0.0, 0.0, 0.0]
compTotal1000_2 = [7026, 7028, 7015, 7054, 7057, 7058, 7049, 7048, 7016, 7040]

fwriteC_1000_3 = [1, 1, 1, 1, 1, 1, 1, 1, 1, 1]
fwriteP_1000_3 = [0, 0, 0, 0, 0, 0, 0, 0, 0, 0]
freadC_1000_3 = [1000, 1000, 1000, 1000, 1000, 1000, 1000, 1000, 1000, 1000]
freadP_1000_3 = [21, 21, 21, 21, 21, 21, 21, 21, 21, 21]
fseekC_1000_3 = [0, 0, 0, 0, 0, 0, 0, 0, 0, 0]
fseekP_1000_3 = [21, 21, 21, 21, 21, 21, 21, 21, 21, 21]
compC_1000_3 = [6885, 6885, 6885, 6885, 6885, 6885, 6885, 6885, 6885, 6885]
compP_1000_3 = [30, 32, 19, 58, 61, 62, 53, 52, 20, 44]
tempoC_1000_3 = [0.000000, 0.000000, 0.000000, 0.000000, 0.000000, 0.000000, 0.000000, 0.000000, 0.000000, 0.000000]
tempoP_1000_3 = [0.000000, 0.000000, 0.000000, 0.000000, 0.000000, 0.000000, 0.000000, 0.000000, 0.000000, 0.000000]
acessos_1000_3 = [1043, 1043, 1043, 1043, 1043, 1043, 1043, 1043, 1043, 1043]
tempoTotal_1000_3 = [0.0, 0.0, 0.0, 0.0, 0.0, 0.0, 0.0, 0.0, 0.0, 0.0]
compTotal1000_3 = [6915, 6917, 6904, 6943, 6946, 6947, 6938, 6937, 6905, 6929]

fwriteC_10000_1 = [1, 1, 1, 1, 1, 1, 1, 1, 1, 1]
fwriteP_10000_1 = [0, 0, 0, 0, 0, 0, 0, 0, 0, 0]
freadC_10000_1 = [0, 0, 0, 0, 0, 0, 0, 0, 0, 0]
freadP_10000_1 = [201, 201, 201, 201, 201, 201, 201, 201, 201, 201]
fseekC_10000_1 = [0, 0, 0, 0, 0, 0, 0, 0, 0, 0]
fseekP_10000_1 = [201, 201, 201, 201, 201, 201, 201, 201, 201, 201]
compC_10000_1 = [0, 0, 0, 0, 0, 0, 0, 0, 0, 0]
compP_10000_1 = [80, 168, 148, 153, 100, 211, 48, 184, 47, 26]
tempoC_10000_1 = [0.000000, 0.000000, 0.000000, 0.000000, 0.000000, 0.000000, 0.000000, 0.000000, 0.000000, 0.000000]
tempoP_10000_1 = [0.000000, 0.000000, 0.000000, 0.000000, 0.000000, 0.000000, 0.000000, 0.000000, 0.000000, 0.000000]
acessos_10000_1 = [403, 403, 403, 403, 403, 403, 403, 403, 403, 403]
tempoTotal_10000_1 = [0.0, 0.0, 0.0, 0.0, 0.0, 0.0, 0.0, 0.0, 0.0, 0.0]
compTotal10000_1 = [80, 168, 148, 153, 100, 211, 48, 184, 47, 26]

fwriteC_10000_2 = [1, 1, 1, 1, 1, 1, 1, 1, 1, 1]
fwriteP_10000_2 = [0, 0, 0, 0, 0, 0, 0, 0, 0, 0]
freadC_10000_2 = [0, 0, 0, 0, 0, 0, 0, 0, 0, 0]
freadP_10000_2 = [201, 201, 201, 201, 201, 201, 201, 201, 201, 201]
fseekC_10000_2 = [0, 0, 0, 0, 0, 0, 0, 0, 0, 0]
fseekP_10000_2 = [201, 201, 201, 201, 201, 201, 201, 201, 201, 201]
compC_10000_2 = [103644, 103644, 103644, 103644, 103644, 103644, 103644, 103644, 103644, 103644]
compP_10000_2 = [80, 168, 148, 153, 100, 211, 48, 184, 47, 26]
tempoC_10000_2 = [0.000000, 0.000000, 0.000000, 0.000000, 0.000000, 0.000000, 0.000000, 0.000000, 0.000000, 0.000000]
tempoP_10000_2 = [0.000000, 0.000000, 0.000000, 0.000000, 0.000000, 0.000000, 0.000000, 0.000000, 0.000000, 0.000000]
acessos_10000_2 = [403, 403, 403, 403, 403, 403, 403, 403, 403, 403]
tempoTotal_10000_2 = [0.0, 0.0, 0.0, 0.0, 0.0, 0.0, 0.0, 0.0, 0.0, 0.0]
compTotal10000_2 = [103724, 103812, 103792, 103797, 103744, 103855, 103692, 103828, 103691, 103670]

fwriteC_10000_3 = [1, 1, 1, 1, 1, 1, 1, 1, 1, 1]
fwriteP_10000_3 = [0, 0, 0, 0, 0, 0, 0, 0, 0, 0]
freadC_10000_3 = [10000, 10000, 10000, 10000, 10000, 10000, 10000, 10000, 10000, 10000]
freadP_10000_3 = [201, 201, 201, 201, 201, 201, 201, 201, 201, 201]
fseekC_10000_3 = [0, 0, 0, 0, 0, 0, 0, 0, 0, 0]
fseekP_10000_3 = [201, 201, 201, 201, 201, 201, 201, 201, 201, 201]
compC_10000_3 = [108097, 108097, 108097, 108097, 108097, 108097, 108097, 108097, 108097, 108097]
compP_10000_3 = [80, 168, 148, 153, 100, 211, 48, 184, 47, 26]
tempoC_10000_3 = [0.000000, 0.000000, 0.000000, 0.000000, 0.000000, 0.000000, 0.000000, 0.000000, 0.000000, 0.000000]
tempoP_10000_3 = [0.000000, 0.000000, 0.000000, 0.000000, 0.000000, 0.000000, 0.000000, 0.000000, 0.000000, 0.000000]
acessos_10000_3 = [10403, 10403, 10403, 10403, 10403, 10403, 10403, 10403, 10403, 10403]
tempoTotal_10000_3 = [0.0, 0.0, 0.0, 0.0, 0.0, 0.0, 0.0, 0.0, 0.0, 0.0]
compTotal10000_3 = [108177, 108265, 108245, 108250, 108197, 108308, 108145, 108281, 108144, 108123]

fwriteC_100000_1 = [1, 1, 1, 1, 1, 1, 1, 1, 1, 1]
fwriteP_100000_1 = [0, 0, 0, 0, 0, 0, 0, 0, 0, 0]
freadC_100000_1 = [0, 0, 0, 0, 0, 0, 0, 0, 0, 0]
freadP_100000_1 = [2001, 2001, 2001, 2001, 2001, 2001, 2001, 2001, 2001, 2001]
fseekC_100000_1 = [0, 0, 0, 0, 0, 0, 0, 0, 0, 0]
fseekP_100000_1 = [2001, 2001, 2001, 2001, 2001, 2001, 2001, 2001, 2001, 2001]
compC_100000_1 = [0, 0, 0, 0, 0, 0, 0, 0, 0, 0]
compP_100000_1 = [1642, 1078, 261, 331, 1477, 894, 1213, 2007, 967, 1543]
tempoC_100000_1 = [1.000000, 1.000000, 0.000000, 1.000000, 0.000000, 0.000000, 0.000000, 0.000000, 1.000000, 0.000000]
tempoP_100000_1 = [0.000000, 0.000000, 0.000000, 0.000000, 0.000000, 1.000000, 0.000000, 0.000000, 0.000000, 0.000000]
acessos_100000_1 = [4003, 4003, 4003, 4003, 4003, 4003, 4003, 4003, 4003, 4003]
tempoTotal_100000_1 = [1.0, 1.0, 0.0, 1.0, 0.0, 1.0, 0.0, 0.0, 1.0, 0.0]
compTotal100000_1 = [1642, 1078, 261, 331, 1477, 894, 1213, 2007, 967, 1543]

fwriteC_100000_2 = [1, 1, 1, 1, 1, 1, 1, 1, 1, 1]
fwriteP_100000_2 = [0, 0, 0, 0, 0, 0, 0, 0, 0, 0]
freadC_100000_2 = [0, 0, 0, 0, 0, 0, 0, 0, 0, 0]
freadP_100000_2 = [2001, 2001, 2001, 2001, 2001, 2001, 2001, 2001, 2001, 2001]
fseekC_100000_2 = [0, 0, 0, 0, 0, 0, 0, 0, 0, 0]
fseekP_100000_2 = [2001, 2001, 2001, 2001, 2001, 2001, 2001, 2001, 2001, 2001]
compC_100000_2 = [1368962, 1368962, 1368962, 1368962, 1368962, 1368962, 1368962, 1368962, 1368962, 1368962]
compP_100000_2 = [1642, 1078, 261, 331, 1477, 894, 1213, 2007, 967, 1543]
tempoC_100000_2 = [0.000000, 0.000000, 0.000000, 0.000000, 1.000000, 0.000000, 0.000000, 1.000000, 0.000000, 1.000000]
tempoP_100000_2 = [0.000000, 0.000000, 0.000000, 0.000000, 0.000000, 0.000000, 1.000000, 0.000000, 0.000000, 0.000000]
acessos_100000_2 = [4003, 4003, 4003, 4003, 4003, 4003, 4003, 4003, 4003, 4003]
tempoTotal_100000_2 = [0.0, 0.0, 0.0, 0.0, 1.0, 0.0, 1.0, 1.0, 0.0, 1.0]
compTotal100000_2 = [1370604, 1370040, 1369223, 1369293, 1370439, 1369856, 1370175, 1370969, 1369929, 1370505]

fwriteC_100000_3 = [1, 1, 1, 1, 1, 1, 1, 1, 1, 1]
fwriteP_100000_3 = [0, 0, 0, 0, 0, 0, 0, 0, 0, 0]
freadC_100000_3 = [100000, 100000, 100000, 100000, 100000, 100000, 100000, 100000, 100000, 100000]
freadP_100000_3 = [2001, 2001, 2001, 2001, 2001, 2001, 2001, 2001, 2001, 2001]
fseekC_100000_3 = [0, 0, 0, 0, 0, 0, 0, 0, 0, 0]
fseekP_100000_3 = [2001, 2001, 2001, 2001, 2001, 2001, 2001, 2001, 2001, 2001]
compC_100000_3 = [1312547, 1312547, 1312547, 1312547, 1312547, 1312547, 1312547, 1312547, 1312547, 1312547]
compP_100000_3 = [1642, 1078, 261, 331, 1477, 894, 1213, 2007, 967, 1543]
tempoC_100000_3 = [0.000000, 1.000000, 0.000000, 1.000000, 0.000000, 1.000000, 0.000000, 0.000000, 1.000000, 0.000000]
tempoP_100000_3 = [0.000000, 0.000000, 0.000000, 0.000000, 0.000000, 0.000000, 0.000000, 0.000000, 0.000000, 0.000000]
acessos_100000_3 = [104003, 104003, 104003, 104003, 104003, 104003, 104003, 104003, 104003, 104003]
tempoTotal_100000_3 = [0.0, 1.0, 0.0, 1.0, 0.0, 1.0, 0.0, 0.0, 1.0, 0.0]
compTotal100000_3 = [1314189, 1313625, 1312808, 1312878, 1314024, 1313441, 1313760, 1314554, 1313514, 1314090]

fwriteC_1000000_1 = [1, 1, 1, 1, 1, 1, 1, 1, 1, 1]
fwriteP_1000000_1 = [0, 0, 0, 0, 0, 0, 0, 0, 0, 0]
freadC_1000000_1 = [0, 0, 0, 0, 0, 0, 0, 0, 0, 0]
freadP_1000000_1 = [20001, 20001, 20001, 20001, 20001, 20001, 20001, 20001, 20001, 20001]
fseekC_1000000_1 = [0, 0, 0, 0, 0, 0, 0, 0, 0, 0]
fseekP_1000000_1 = [20001, 20001, 20001, 20001, 20001, 20001, 20001, 20001, 20001, 20001]
compC_1000000_1 = [0, 0, 0, 0, 0, 0, 0, 0, 0, 0]
compP_1000000_1 = [14962, 9319, 9989, 6487, 18270, 4748, 4145, 15850, 18764, 19335]
tempoC_1000000_1 = [6.000000, 6.000000, 5.000000, 5.000000, 5.000000, 6.000000, 6.000000, 5.000000, 5.000000, 6.000000]
tempoP_1000000_1 = [0.000000, 0.000000, 0.000000, 0.000000, 0.000000, 0.000000, 0.000000, 0.000000, 0.000000, 0.000000]
acessos_1000000_1 = [40003, 40003, 40003, 40003, 40003, 40003, 40003, 40003, 40003, 40003]
tempoTotal_1000000_1 = [6.0, 6.0, 5.0, 5.0, 5.0, 6.0, 6.0, 5.0, 5.0, 6.0]
compTotal1000000_1 = [14962, 9319, 9989, 6487, 18270, 4748, 4145, 15850, 18764, 19335]

fwriteC_1000000_2 = [1, 1, 1, 1, 1, 1, 1, 1, 1, 1]
fwriteP_1000000_2 = [0, 0, 0, 0, 0, 0, 0, 0, 0, 0]
freadC_1000000_2 = [0, 0, 0, 0, 0, 0, 0, 0, 0, 0]
freadP_1000000_2 = [20001, 20001, 20001, 20001, 20001, 20001, 20001, 20001, 20001, 20001]
fseekC_1000000_2 = [0, 0, 0, 0, 0, 0, 0, 0, 0, 0]
fseekP_1000000_2 = [20001, 20001, 20001, 20001, 20001, 20001, 20001, 20001, 20001, 20001]
compC_1000000_2 = [16951464, 16951464, 16951464, 16951464, 16951464, 16951464, 16951464, 16951464, 16951464, 16951464]
compP_1000000_2 = [14962, 9319, 9989, 6487, 18270, 4748, 4145, 15850, 18764, 19335]
tempoC_1000000_2 = [6.000000, 6.000000, 6.000000, 6.000000, 5.000000, 5.000000, 6.000000, 6.000000, 6.000000, 6.000000]
tempoP_1000000_2 = [0.000000, 0.000000, 0.000000, 0.000000, 1.000000, 1.000000, 0.000000, 0.000000, 0.000000, 0.000000]
acessos_1000000_2 = [40003, 40003, 40003, 40003, 40003, 40003, 40003, 40003, 40003, 40003]
tempoTotal_1000000_2 = [6.0, 6.0, 6.0, 6.0, 6.0, 6.0, 6.0, 6.0, 6.0, 6.0]
compTotal1000000_2 = [16966426, 16960783, 16961453, 16957951, 16969734, 16956212, 16955609, 16967314, 16970228, 16970799]

fwriteC_1000000_3 = [1, 1, 1, 1, 1, 1, 1, 1, 1, 1]
fwriteP_1000000_3 = [0, 0, 0, 0, 0, 0, 0, 0, 0, 0]
freadC_1000000_3 = [1000000, 1000000, 1000000, 1000000, 1000000, 1000000, 1000000, 1000000, 1000000, 1000000]
freadP_1000000_3 = [20001, 20001, 20001, 20001, 20001, 20001, 20001, 20001, 20001, 20001]
fseekC_1000000_3 = [0, 0, 0, 0, 0, 0, 0, 0, 0, 0]
fseekP_1000000_3 = [20001, 20001, 20001, 20001, 20001, 20001, 20001, 20001, 20001, 20001]
compC_1000000_3 = [16004299, 16004299, 16004299, 16004299, 16004299, 16004299, 16004299, 16004299, 16004299, 16004299]
compP_1000000_3 = [14962, 9319, 9989, 6487, 18270, 4748, 4145, 15850, 18764, 19335]
tempoC_1000000_3 = [8.000000, 6.000000, 6.000000, 6.000000, 6.000000, 6.000000, 6.000000, 7.000000, 7.000000, 7.000000]
tempoP_1000000_3 = [0.000000, 1.000000, 1.000000, 0.000000, 0.000000, 0.000000, 1.000000, 0.000000, 0.000000, 0.000000]
acessos_1000000_3 = [1040003, 1040003, 1040003, 1040003, 1040003, 1040003, 1040003, 1040003, 1040003, 1040003]
tempoTotal_1000000_3 = [8.0, 7.0, 7.0, 6.0, 6.0, 6.0, 7.0, 7.0, 7.0, 7.0]
compTotal1000000_3 = [16019261, 16013618, 16014288, 16010786, 16022569, 16009047, 16008444, 16020149, 16023063, 16023634]

----------------------------------------------------------

AcessosC    : 74074.33333333333
AcessosP    : 8890.88
Acessos     : 82965.21333333332
ComparacoesC: 2.390923933333333e6
ComparacoesP: 2702.1
Comparacoes : 2.393626033333333e6
TempoC      : 1.26
TempoP      : 0.04666666666666667
Tempo       : 1.3066666666666666
