fwriteC_100_1 = [100, 100, 100, 100, 100, 100, 100, 100, 100, 100]
fwriteP_100_1 = [0, 0, 0, 0, 0, 0, 0, 0, 0, 0]
freadC_100_1 = [0, 0, 0, 0, 0, 0, 0, 0, 0, 0]
freadP_100_1 = [3, 6, 7, 5, 5, 7, 7, 6, 6, 6]
fseekC_100_1 = [0, 0, 0, 0, 0, 0, 0, 0, 0, 0]
fseekP_100_1 = [2, 5, 6, 4, 4, 6, 6, 5, 5, 5]
compC_100_1 = [673, 673, 673, 673, 673, 673, 673, 673, 673, 673]
compP_100_1 = [3, 6, 7, 5, 5, 7, 7, 6, 6, 6]
tempoC_100_1 = [0.000000, 0.000000, 0.000000, 0.000000, 0.000000, 0.000000, 0.000000, 0.000000, 0.000000, 0.000000]
tempoP_100_1 = [0.000000, 0.000000, 0.000000, 0.000000, 0.000000, 0.000000, 0.000000, 0.000000, 0.000000, 0.000000]
acessos_100_1 = [105, 111, 113, 109, 109, 113, 113, 111, 111, 111]
tempoTotal_100_1 = [0.0, 0.0, 0.0, 0.0, 0.0, 0.0, 0.0, 0.0, 0.0, 0.0]
compTotal100_1 = [676, 679, 680, 678, 678, 680, 680, 679, 679, 679]

fwriteC_100_2 = [100, 100, 100, 100, 100, 100, 100, 100, 100, 100]
fwriteP_100_2 = [0, 0, 0, 0, 0, 0, 0, 0, 0, 0]
freadC_100_2 = [0, 0, 0, 0, 0, 0, 0, 0, 0, 0]
freadP_100_2 = [7, 5, 4, 7, 7, 5, 5, 6, 6, 4]
fseekC_100_2 = [0, 0, 0, 0, 0, 0, 0, 0, 0, 0]
fseekP_100_2 = [6, 4, 3, 6, 6, 4, 4, 5, 5, 3]
compC_100_2 = [673, 673, 673, 673, 673, 673, 673, 673, 673, 673]
compP_100_2 = [7, 5, 4, 7, 7, 5, 5, 6, 6, 4]
tempoC_100_2 = [0.000000, 0.000000, 0.000000, 0.000000, 0.000000, 0.000000, 0.000000, 0.000000, 0.000000, 0.000000]
tempoP_100_2 = [0.000000, 0.000000, 0.000000, 0.000000, 0.000000, 0.000000, 0.000000, 0.000000, 0.000000, 0.000000]
acessos_100_2 = [113, 109, 107, 113, 113, 109, 109, 111, 111, 107]
tempoTotal_100_2 = [0.0, 0.0, 0.0, 0.0, 0.0, 0.0, 0.0, 0.0, 0.0, 0.0]
compTotal100_2 = [680, 678, 677, 680, 680, 678, 678, 679, 679, 677]

fwriteC_100_3 = [100, 100, 100, 100, 100, 100, 100, 100, 100, 100]
fwriteP_100_3 = [0, 0, 0, 0, 0, 0, 0, 0, 0, 0]
freadC_100_3 = [0, 0, 0, 0, 0, 0, 0, 0, 0, 0]
freadP_100_3 = [6, 6, 6, 6, 7, 7, 7, 6, 7, 4]
fseekC_100_3 = [0, 0, 0, 0, 0, 0, 0, 0, 0, 0]
fseekP_100_3 = [5, 5, 5, 5, 6, 6, 6, 5, 6, 3]
compC_100_3 = [639, 639, 639, 639, 639, 639, 639, 639, 639, 639]
compP_100_3 = [6, 6, 6, 6, 7, 7, 7, 6, 7, 4]
tempoC_100_3 = [0.000000, 0.000000, 0.000000, 0.000000, 0.000000, 0.000000, 0.000000, 0.000000, 0.000000, 0.000000]
tempoP_100_3 = [0.000000, 0.000000, 0.000000, 0.000000, 0.000000, 0.000000, 0.000000, 0.000000, 0.000000, 0.000000]
acessos_100_3 = [111, 111, 111, 111, 113, 113, 113, 111, 113, 107]
tempoTotal_100_3 = [0.0, 0.0, 0.0, 0.0, 0.0, 0.0, 0.0, 0.0, 0.0, 0.0]
compTotal100_3 = [645, 645, 645, 645, 646, 646, 646, 645, 646, 643]

fwriteC_1000_1 = [1000, 1000, 1000, 1000, 1000, 1000, 1000, 1000, 1000, 1000]
fwriteP_1000_1 = [0, 0, 0, 0, 0, 0, 0, 0, 0, 0]
freadC_1000_1 = [0, 0, 0, 0, 0, 0, 0, 0, 0, 0]
freadP_1000_1 = [9, 10, 9, 9, 6, 9, 9, 9, 10, 6]
fseekC_1000_1 = [0, 0, 0, 0, 0, 0, 0, 0, 0, 0]
fseekP_1000_1 = [8, 9, 8, 8, 5, 8, 8, 8, 9, 5]
compC_1000_1 = [9977, 9977, 9977, 9977, 9977, 9977, 9977, 9977, 9977, 9977]
compP_1000_1 = [9, 10, 9, 9, 6, 9, 9, 9, 10, 6]
tempoC_1000_1 = [0.000000, 0.000000, 0.000000, 0.000000, 0.000000, 0.000000, 0.000000, 0.000000, 0.000000, 0.000000]
tempoP_1000_1 = [0.000000, 0.000000, 0.000000, 0.000000, 0.000000, 0.000000, 0.000000, 0.000000, 0.000000, 0.000000]
acessos_1000_1 = [1017, 1019, 1017, 1017, 1011, 1017, 1017, 1017, 1019, 1011]
tempoTotal_1000_1 = [0.0, 0.0, 0.0, 0.0, 0.0, 0.0, 0.0, 0.0, 0.0, 0.0]
compTotal1000_1 = [9986, 9987, 9986, 9986, 9983, 9986, 9986, 9986, 9987, 9983]

fwriteC_1000_2 = [1000, 1000, 1000, 1000, 1000, 1000, 1000, 1000, 1000, 1000]
fwriteP_1000_2 = [0, 0, 0, 0, 0, 0, 0, 0, 0, 0]
freadC_1000_2 = [0, 0, 0, 0, 0, 0, 0, 0, 0, 0]
freadP_1000_2 = [10, 8, 10, 10, 10, 10, 10, 10, 9, 10]
fseekC_1000_2 = [0, 0, 0, 0, 0, 0, 0, 0, 0, 0]
fseekP_1000_2 = [9, 7, 9, 9, 9, 9, 9, 9, 8, 9]
compC_1000_2 = [9977, 9977, 9977, 9977, 9977, 9977, 9977, 9977, 9977, 9977]
compP_1000_2 = [10, 8, 10, 10, 10, 10, 10, 10, 9, 10]
tempoC_1000_2 = [0.000000, 0.000000, 0.000000, 0.000000, 0.000000, 0.000000, 0.000000, 0.000000, 0.000000, 0.000000]
tempoP_1000_2 = [0.000000, 0.000000, 0.000000, 0.000000, 0.000000, 0.000000, 0.000000, 0.000000, 0.000000, 0.000000]
acessos_1000_2 = [1019, 1015, 1019, 1019, 1019, 1019, 1019, 1019, 1017, 1019]
tempoTotal_1000_2 = [0.0, 0.0, 0.0, 0.0, 0.0, 0.0, 0.0, 0.0, 0.0, 0.0]
compTotal1000_2 = [9987, 9985, 9987, 9987, 9987, 9987, 9987, 9987, 9986, 9987]

fwriteC_1000_3 = [1000, 1000, 1000, 1000, 1000, 1000, 1000, 1000, 1000, 1000]
fwriteP_1000_3 = [0, 0, 0, 0, 0, 0, 0, 0, 0, 0]
freadC_1000_3 = [0, 0, 0, 0, 0, 0, 0, 0, 0, 0]
freadP_1000_3 = [9, 10, 10, 10, 9, 11, 10, 9, 8, 9]
fseekC_1000_3 = [0, 0, 0, 0, 0, 0, 0, 0, 0, 0]
fseekP_1000_3 = [8, 9, 9, 9, 8, 10, 9, 8, 7, 8]
compC_1000_3 = [9696, 9696, 9696, 9696, 9696, 9696, 9696, 9696, 9696, 9696]
compP_1000_3 = [9, 10, 10, 10, 9, 11, 10, 9, 8, 9]
tempoC_1000_3 = [0.000000, 0.000000, 0.000000, 0.000000, 0.000000, 0.000000, 0.000000, 0.000000, 0.000000, 0.000000]
tempoP_1000_3 = [0.000000, 0.000000, 0.000000, 0.000000, 0.000000, 0.000000, 0.000000, 0.000000, 0.000000, 0.000000]
acessos_1000_3 = [1017, 1019, 1019, 1019, 1017, 1021, 1019, 1017, 1015, 1017]
tempoTotal_1000_3 = [0.0, 0.0, 0.0, 0.0, 0.0, 0.0, 0.0, 0.0, 0.0, 0.0]
compTotal1000_3 = [9705, 9706, 9706, 9706, 9705, 9707, 9706, 9705, 9704, 9705]

fwriteC_10000_1 = [10000, 10000, 10000, 10000, 10000, 10000, 10000, 10000, 10000, 10000]
fwriteP_10000_1 = [0, 0, 0, 0, 0, 0, 0, 0, 0, 0]
freadC_10000_1 = [0, 0, 0, 0, 0, 0, 0, 0, 0, 0]
freadP_10000_1 = [13, 13, 11, 12, 12, 11, 12, 13, 13, 13]
fseekC_10000_1 = [0, 0, 0, 0, 0, 0, 0, 0, 0, 0]
fseekP_10000_1 = [12, 12, 10, 11, 11, 10, 11, 12, 12, 12]
compC_10000_1 = [133617, 133617, 133617, 133617, 133617, 133617, 133617, 133617, 133617, 133617]
compP_10000_1 = [13, 13, 11, 12, 12, 11, 12, 13, 13, 13]
tempoC_10000_1 = [0.000000, 0.000000, 0.000000, 0.000000, 0.000000, 0.000000, 0.000000, 0.000000, 0.000000, 0.000000]
tempoP_10000_1 = [0.000000, 0.000000, 0.000000, 0.000000, 0.000000, 0.000000, 0.000000, 0.000000, 0.000000, 0.000000]
acessos_10000_1 = [10025, 10025, 10021, 10023, 10023, 10021, 10023, 10025, 10025, 10025]
tempoTotal_10000_1 = [0.0, 0.0, 0.0, 0.0, 0.0, 0.0, 0.0, 0.0, 0.0, 0.0]
compTotal10000_1 = [133630, 133630, 133628, 133629, 133629, 133628, 133629, 133630, 133630, 133630]

fwriteC_10000_2 = [10000, 10000, 10000, 10000, 10000, 10000, 10000, 10000, 10000, 10000]
fwriteP_10000_2 = [0, 0, 0, 0, 0, 0, 0, 0, 0, 0]
freadC_10000_2 = [0, 0, 0, 0, 0, 0, 0, 0, 0, 0]
freadP_10000_2 = [12, 13, 14, 13, 14, 13, 13, 13, 11, 9]
fseekC_10000_2 = [0, 0, 0, 0, 0, 0, 0, 0, 0, 0]
fseekP_10000_2 = [11, 12, 13, 12, 13, 12, 12, 12, 10, 8]
compC_10000_2 = [133617, 133617, 133617, 133617, 133617, 133617, 133617, 133617, 133617, 133617]
compP_10000_2 = [12, 13, 14, 13, 14, 13, 13, 13, 11, 9]
tempoC_10000_2 = [0.000000, 1.000000, 0.000000, 0.000000, 0.000000, 0.000000, 0.000000, 0.000000, 0.000000, 0.000000]
tempoP_10000_2 = [0.000000, 0.000000, 0.000000, 0.000000, 0.000000, 0.000000, 0.000000, 0.000000, 0.000000, 0.000000]
acessos_10000_2 = [10023, 10025, 10027, 10025, 10027, 10025, 10025, 10025, 10021, 10017]
tempoTotal_10000_2 = [0.0, 1.0, 0.0, 0.0, 0.0, 0.0, 0.0, 0.0, 0.0, 0.0]
compTotal10000_2 = [133629, 133630, 133631, 133630, 133631, 133630, 133630, 133630, 133628, 133626]

fwriteC_10000_3 = [10000, 10000, 10000, 10000, 10000, 10000, 10000, 10000, 10000, 10000]
fwriteP_10000_3 = [0, 0, 0, 0, 0, 0, 0, 0, 0, 0]
freadC_10000_3 = [0, 0, 0, 0, 0, 0, 0, 0, 0, 0]
freadP_10000_3 = [14, 14, 12, 14, 11, 13, 10, 12, 15, 10]
fseekC_10000_3 = [0, 0, 0, 0, 0, 0, 0, 0, 0, 0]
fseekP_10000_3 = [13, 13, 11, 13, 10, 12, 9, 11, 14, 9]
compC_10000_3 = [130825, 130825, 130825, 130825, 130825, 130825, 130825, 130825, 130825, 130825]
compP_10000_3 = [14, 14, 12, 14, 11, 13, 10, 12, 15, 10]
tempoC_10000_3 = [0.000000, 0.000000, 1.000000, 1.000000, 1.000000, 1.000000, 0.000000, 1.000000, 1.000000, 1.000000]
tempoP_10000_3 = [0.000000, 0.000000, 0.000000, 0.000000, 0.000000, 0.000000, 0.000000, 0.000000, 0.000000, 0.000000]
acessos_10000_3 = [10027, 10027, 10023, 10027, 10021, 10025, 10019, 10023, 10029, 10019]
tempoTotal_10000_3 = [0.0, 0.0, 1.0, 1.0, 1.0, 1.0, 0.0, 1.0, 1.0, 1.0]
compTotal10000_3 = [130839, 130839, 130837, 130839, 130836, 130838, 130835, 130837, 130840, 130835]

fwriteC_100000_1 = [100000, 100000, 100000, 100000, 100000, 100000, 100000, 100000, 100000, 100000]
fwriteP_100000_1 = [0, 0, 0, 0, 0, 0, 0, 0, 0, 0]
freadC_100000_1 = [0, 0, 0, 0, 0, 0, 0, 0, 0, 0]
freadP_100000_1 = [16, 16, 15, 16, 16, 16, 12, 16, 17, 15]
fseekC_100000_1 = [0, 0, 0, 0, 0, 0, 0, 0, 0, 0]
fseekP_100000_1 = [15, 15, 14, 15, 15, 15, 11, 15, 16, 14]
compC_100000_1 = [1668929, 1668929, 1668929, 1668929, 1668929, 1668929, 1668929, 1668929, 1668929, 1668929]
compP_100000_1 = [16, 16, 15, 16, 16, 16, 12, 16, 17, 15]
tempoC_100000_1 = [0.000000, 1.000000, 0.000000, 0.000000, 1.000000, 0.000000, 1.000000, 0.000000, 0.000000, 1.000000]
tempoP_100000_1 = [0.000000, 0.000000, 0.000000, 0.000000, 0.000000, 0.000000, 0.000000, 0.000000, 0.000000, 0.000000]
acessos_100000_1 = [100031, 100031, 100029, 100031, 100031, 100031, 100023, 100031, 100033, 100029]
tempoTotal_100000_1 = [0.0, 1.0, 0.0, 0.0, 1.0, 0.0, 1.0, 0.0, 0.0, 1.0]
compTotal100000_1 = [1668945, 1668945, 1668944, 1668945, 1668945, 1668945, 1668941, 1668945, 1668946, 1668944]

fwriteC_100000_2 = [100000, 100000, 100000, 100000, 100000, 100000, 100000, 100000, 100000, 100000]
fwriteP_100000_2 = [0, 0, 0, 0, 0, 0, 0, 0, 0, 0]
freadC_100000_2 = [0, 0, 0, 0, 0, 0, 0, 0, 0, 0]
freadP_100000_2 = [16, 16, 17, 16, 14, 16, 17, 15, 15, 17]
fseekC_100000_2 = [0, 0, 0, 0, 0, 0, 0, 0, 0, 0]
fseekP_100000_2 = [15, 15, 16, 15, 13, 15, 16, 14, 14, 16]
compC_100000_2 = [1668929, 1668929, 1668929, 1668929, 1668929, 1668929, 1668929, 1668929, 1668929, 1668929]
compP_100000_2 = [16, 16, 17, 16, 14, 16, 17, 15, 15, 17]
tempoC_100000_2 = [0.000000, 0.000000, 1.000000, 0.000000, 0.000000, 0.000000, 0.000000, 1.000000, 0.000000, 0.000000]
tempoP_100000_2 = [0.000000, 0.000000, 0.000000, 0.000000, 0.000000, 0.000000, 0.000000, 0.000000, 0.000000, 0.000000]
acessos_100000_2 = [100031, 100031, 100033, 100031, 100027, 100031, 100033, 100029, 100029, 100033]
tempoTotal_100000_2 = [0.0, 0.0, 1.0, 0.0, 0.0, 0.0, 0.0, 1.0, 0.0, 0.0]
compTotal100000_2 = [1668945, 1668945, 1668946, 1668945, 1668943, 1668945, 1668946, 1668944, 1668944, 1668946]

fwriteC_100000_3 = [100000, 100000, 100000, 100000, 100000, 100000, 100000, 100000, 100000, 100000]
fwriteP_100000_3 = [0, 0, 0, 0, 0, 0, 0, 0, 0, 0]
freadC_100000_3 = [0, 0, 0, 0, 0, 0, 0, 0, 0, 0]
freadP_100000_3 = [14, 14, 16, 17, 15, 16, 17, 10, 17, 17]
fseekC_100000_3 = [0, 0, 0, 0, 0, 0, 0, 0, 0, 0]
fseekP_100000_3 = [13, 13, 15, 16, 14, 15, 16, 9, 16, 16]
compC_100000_3 = [1651532, 1651532, 1651532, 1651532, 1651532, 1651532, 1651532, 1651532, 1651532, 1651532]
compP_100000_3 = [14, 14, 16, 17, 15, 16, 17, 10, 17, 17]
tempoC_100000_3 = [262.000000, 277.000000, 258.000000, 245.000000, 244.000000, 243.000000, 234.000000, 229.000000, 206.000000, 206.000000]
tempoP_100000_3 = [0.000000, 0.000000, 0.000000, 0.000000, 0.000000, 0.000000, 0.000000, 0.000000, 0.000000, 0.000000]
acessos_100000_3 = [100027, 100027, 100031, 100033, 100029, 100031, 100033, 100019, 100033, 100033]
tempoTotal_100000_3 = [262.0, 277.0, 258.0, 245.0, 244.0, 243.0, 234.0, 229.0, 206.0, 206.0]
compTotal100000_3 = [1651546, 1651546, 1651548, 1651549, 1651547, 1651548, 1651549, 1651542, 1651549, 1651549]

fwriteC_1000000_1 = [1000000, 1000000, 1000000, 1000000, 1000000, 1000000, 1000000, 1000000, 1000000, 1000000]
fwriteP_1000000_1 = [0, 0, 0, 0, 0, 0, 0, 0, 0, 0]
freadC_1000000_1 = [0, 0, 0, 0, 0, 0, 0, 0, 0, 0]
freadP_1000000_1 = [20, 18, 20, 18, 20, 12, 17, 19, 20, 18]
fseekC_1000000_1 = [0, 0, 0, 0, 0, 0, 0, 0, 0, 0]
fseekP_1000000_1 = [19, 17, 19, 17, 19, 11, 16, 18, 19, 17]
compC_1000000_1 = [19951425, 19951425, 19951425, 19951425, 19951425, 19951425, 19951425, 19951425, 19951425, 19951425]
compP_1000000_1 = [20, 18, 20, 18, 20, 12, 17, 19, 20, 18]
tempoC_1000000_1 = [6.000000, 7.000000, 6.000000, 6.000000, 6.000000, 7.000000, 6.000000, 7.000000, 6.000000, 7.000000]
tempoP_1000000_1 = [0.000000, 0.000000, 0.000000, 0.000000, 0.000000, 0.000000, 0.000000, 0.000000, 0.000000, 0.000000]
acessos_1000000_1 = [1000039, 1000035, 1000039, 1000035, 1000039, 1000023, 1000033, 1000037, 1000039, 1000035]
tempoTotal_1000000_1 = [6.0, 7.0, 6.0, 6.0, 6.0, 7.0, 6.0, 7.0, 6.0, 7.0]
compTotal1000000_1 = [19951445, 19951443, 19951445, 19951443, 19951445, 19951437, 19951442, 19951444, 19951445, 19951443]

fwriteC_1000000_2 = [1000000, 1000000, 1000000, 1000000, 1000000, 1000000, 1000000, 1000000, 1000000, 1000000]
fwriteP_1000000_2 = [0, 0, 0, 0, 0, 0, 0, 0, 0, 0]
freadC_1000000_2 = [0, 0, 0, 0, 0, 0, 0, 0, 0, 0]
freadP_1000000_2 = [18, 20, 16, 20, 19, 20, 20, 19, 17, 20]
fseekC_1000000_2 = [0, 0, 0, 0, 0, 0, 0, 0, 0, 0]
fseekP_1000000_2 = [17, 19, 15, 19, 18, 19, 19, 18, 16, 19]
compC_1000000_2 = [19951425, 19951425, 19951425, 19951425, 19951425, 19951425, 19951425, 19951425, 19951425, 19951425]
compP_1000000_2 = [18, 20, 16, 20, 19, 20, 20, 19, 17, 20]
tempoC_1000000_2 = [6.000000, 6.000000, 6.000000, 6.000000, 6.000000, 7.000000, 6.000000, 6.000000, 7.000000, 7.000000]
tempoP_1000000_2 = [0.000000, 0.000000, 0.000000, 0.000000, 0.000000, 0.000000, 0.000000, 0.000000, 0.000000, 0.000000]
acessos_1000000_2 = [1000035, 1000039, 1000031, 1000039, 1000037, 1000039, 1000039, 1000037, 1000033, 1000039]
tempoTotal_1000000_2 = [6.0, 6.0, 6.0, 6.0, 6.0, 7.0, 6.0, 6.0, 7.0, 7.0]
compTotal1000000_2 = [19951443, 19951445, 19951441, 19951445, 19951444, 19951445, 19951445, 19951444, 19951442, 19951445]

fwriteC_1000000_3 = [1000000, 1000000, 1000000, 1000000, 1000000, 1000000, 1000000, 1000000, 1000000, 1000000]
fwriteP_1000000_3 = [0, 0, 0, 0, 0, 0, 0, 0, 0, 0]
freadC_1000000_3 = [0, 0, 0, 0, 0, 0, 0, 0, 0, 0]
freadP_1000000_3 = [18, 20, 16, 20, 19, 20, 20, 19, 17, 20]
fseekC_1000000_3 = [0, 0, 0, 0, 0, 0, 0, 0, 0, 0]
fseekP_1000000_3 = [17, 19, 15, 19, 18, 19, 19, 18, 16, 19]
compC_1000000_3 = [19854890, 19854890, 19854890, 19854890, 19854890, 19854890, 19854890, 19854890, 19854890, 19854890]
compP_1000000_3 = [18, 20, 16, 20, 19, 20, 20, 19, 17, 20]
tempoC_1000000_3 = [30708.000000, 30708.000000, 30708.000000, 30708.000000, 30708.000000, 30708.000000, 30708.000000, 30708.000000, 30708.000000, 30708.000000]
tempoP_1000000_3 = [0.000000, 0.000000, 0.000000, 0.000000, 0.000000, 0.000000, 0.000000, 0.000000, 0.000000, 0.000000]
acessos_1000000_3 = [1000035, 1000039, 1000031, 1000039, 1000037, 1000039, 1000039, 1000037, 1000033, 1000039]
tempoTotal_1000000_3 = [30708.0, 30708.0, 30708.0, 30708.0, 30708.0, 30708.0, 30708.0, 30708.0, 30708.0, 30708.0]
compTotal1000000_3 = [19854908, 19854910, 19854906, 19854910, 19854909, 19854910, 19854910, 19854909, 19854907, 19854910]

----------------------------------------------------------

AcessosC    : 222220.0
AcessosP    : 23.72
Acessos     : 222243.71999999997
ComparacoesC: 4.3451216e6
ComparacoesP: 12.36
Comparacoes : 4.34513396e6
TempoC      : 2064.1666666666665
TempoP      : 0.0
Tempo       : 2064.1666666666665
