fwriteC_100_1 = [71, 71, 71, 71, 71, 71, 71, 71, 71, 71]
fwriteP_100_1 = [0, 0, 0, 0, 0, 0, 0, 0, 0, 0]
freadC_100_1 = [0, 0, 0, 0, 0, 0, 0, 0, 0, 0]
freadP_100_1 = [3, 3, 3, 3, 3, 3, 3, 3, 3, 3]
fseekC_100_1 = [0, 0, 0, 0, 0, 0, 0, 0, 0, 0]
fseekP_100_1 = [4, 4, 4, 4, 4, 4, 4, 4, 4, 4]
compC_100_1 = [1270, 1270, 1270, 1270, 1270, 1270, 1270, 1270, 1270, 1270]
compP_100_1 = [4, 10, 5, 12, 8, 8, 6, 6, 6, 8]
tempoC_100_1 = [0.000000, 0.000000, 0.000000, 0.000000, 0.000000, 0.000000, 0.000000, 0.000000, 0.000000, 0.000000]
tempoP_100_1 = [0.000000, 0.000000, 0.000000, 0.000000, 0.000000, 0.000000, 0.000000, 0.000000, 0.000000, 0.000000]
acessos_100_1 = [78, 78, 78, 78, 78, 78, 78, 78, 78, 78]
tempoTotal_100_1 = [0.0, 0.0, 0.0, 0.0, 0.0, 0.0, 0.0, 0.0, 0.0, 0.0]
compTotal100_1 = [1274, 1280, 1275, 1282, 1278, 1278, 1276, 1276, 1276, 1278]

fwriteC_100_2 = [48, 48, 48, 48, 48, 48, 48, 48, 48, 48]
fwriteP_100_2 = [0, 0, 0, 0, 0, 0, 0, 0, 0, 0]
freadC_100_2 = [0, 0, 0, 0, 0, 0, 0, 0, 0, 0]
freadP_100_2 = [3, 3, 3, 3, 3, 3, 3, 3, 3, 3]
fseekC_100_2 = [0, 0, 0, 0, 0, 0, 0, 0, 0, 0]
fseekP_100_2 = [4, 4, 4, 4, 4, 4, 4, 4, 4, 4]
compC_100_2 = [472, 472, 472, 472, 472, 472, 472, 472, 472, 472]
compP_100_2 = [6, 9, 10, 8, 5, 9, 4, 8, 5, 9]
tempoC_100_2 = [0.000000, 0.000000, 0.000000, 0.000000, 0.000000, 0.000000, 0.000000, 0.000000, 0.000000, 0.000000]
tempoP_100_2 = [0.000000, 0.000000, 0.000000, 0.000000, 0.000000, 0.000000, 0.000000, 0.000000, 0.000000, 0.000000]
acessos_100_2 = [55, 55, 55, 55, 55, 55, 55, 55, 55, 55]
tempoTotal_100_2 = [0.0, 0.0, 0.0, 0.0, 0.0, 0.0, 0.0, 0.0, 0.0, 0.0]
compTotal100_2 = [478, 481, 482, 480, 477, 481, 476, 480, 477, 481]

fwriteC_100_3 = [49, 49, 49, 49, 49, 49, 49, 49, 49, 49]
fwriteP_100_3 = [0, 0, 0, 0, 0, 0, 0, 0, 0, 0]
freadC_100_3 = [0, 0, 0, 0, 0, 0, 0, 0, 0, 0]
freadP_100_3 = [3, 3, 3, 3, 3, 3, 3, 3, 3, 3]
fseekC_100_3 = [0, 0, 0, 0, 0, 0, 0, 0, 0, 0]
fseekP_100_3 = [4, 4, 4, 4, 4, 4, 4, 4, 4, 4]
compC_100_3 = [928, 928, 928, 928, 928, 928, 928, 928, 928, 928]
compP_100_3 = [6, 9, 8, 7, 9, 9, 4, 10, 8, 7]
tempoC_100_3 = [0.000000, 0.000000, 0.000000, 0.000000, 0.000000, 0.000000, 0.000000, 0.000000, 0.000000, 0.000000]
tempoP_100_3 = [0.000000, 0.000000, 0.000000, 0.000000, 0.000000, 0.000000, 0.000000, 0.000000, 0.000000, 0.000000]
acessos_100_3 = [56, 56, 56, 56, 56, 56, 56, 56, 56, 56]
tempoTotal_100_3 = [0.0, 0.0, 0.0, 0.0, 0.0, 0.0, 0.0, 0.0, 0.0, 0.0]
compTotal100_3 = [934, 937, 936, 935, 937, 937, 932, 938, 936, 935]

fwriteC_1000_1 = [747, 747, 747, 747, 747, 747, 747, 747, 747, 747]
fwriteP_1000_1 = [0, 0, 0, 0, 0, 0, 0, 0, 0, 0]
freadC_1000_1 = [0, 0, 0, 0, 0, 0, 0, 0, 0, 0]
freadP_1000_1 = [6, 6, 6, 6, 6, 6, 6, 6, 6, 6]
fseekC_1000_1 = [0, 0, 0, 0, 0, 0, 0, 0, 0, 0]
fseekP_1000_1 = [7, 7, 7, 7, 7, 7, 7, 7, 7, 7]
compC_1000_1 = [19220, 19220, 19220, 19220, 19220, 19220, 19220, 19220, 19220, 19220]
compP_1000_1 = [10, 10, 9, 10, 8, 11, 13, 12, 10, 11]
tempoC_1000_1 = [0.000000, 0.000000, 0.000000, 0.000000, 0.000000, 0.000000, 0.000000, 0.000000, 0.000000, 0.000000]
tempoP_1000_1 = [0.000000, 0.000000, 0.000000, 0.000000, 0.000000, 0.000000, 0.000000, 0.000000, 0.000000, 0.000000]
acessos_1000_1 = [760, 760, 760, 760, 760, 760, 760, 760, 760, 760]
tempoTotal_1000_1 = [0.0, 0.0, 0.0, 0.0, 0.0, 0.0, 0.0, 0.0, 0.0, 0.0]
compTotal1000_1 = [19230, 19230, 19229, 19230, 19228, 19231, 19233, 19232, 19230, 19231]

fwriteC_1000_2 = [498, 498, 498, 498, 498, 498, 498, 498, 498, 498]
fwriteP_1000_2 = [0, 0, 0, 0, 0, 0, 0, 0, 0, 0]
freadC_1000_2 = [0, 0, 0, 0, 0, 0, 0, 0, 0, 0]
freadP_1000_2 = [5, 5, 5, 5, 5, 5, 5, 5, 5, 5]
fseekC_1000_2 = [0, 0, 0, 0, 0, 0, 0, 0, 0, 0]
fseekP_1000_2 = [6, 6, 6, 6, 6, 6, 6, 6, 6, 6]
compC_1000_2 = [7059, 7059, 7059, 7059, 7059, 7059, 7059, 7059, 7059, 7059]
compP_1000_2 = [10, 11, 12, 13, 10, 10, 14, 12, 12, 9]
tempoC_1000_2 = [0.000000, 1.000000, 0.000000, 0.000000, 0.000000, 0.000000, 0.000000, 0.000000, 0.000000, 0.000000]
tempoP_1000_2 = [0.000000, 0.000000, 0.000000, 0.000000, 0.000000, 0.000000, 0.000000, 0.000000, 0.000000, 0.000000]
acessos_1000_2 = [509, 509, 509, 509, 509, 509, 509, 509, 509, 509]
tempoTotal_1000_2 = [0.0, 1.0, 0.0, 0.0, 0.0, 0.0, 0.0, 0.0, 0.0, 0.0]
compTotal1000_2 = [7069, 7070, 7071, 7072, 7069, 7069, 7073, 7071, 7071, 7068]

fwriteC_1000_3 = [477, 477, 477, 477, 477, 477, 477, 477, 477, 477]
fwriteP_1000_3 = [0, 0, 0, 0, 0, 0, 0, 0, 0, 0]
freadC_1000_3 = [0, 0, 0, 0, 0, 0, 0, 0, 0, 0]
freadP_1000_3 = [5, 5, 5, 5, 5, 5, 5, 5, 5, 5]
fseekC_1000_3 = [0, 0, 0, 0, 0, 0, 0, 0, 0, 0]
fseekP_1000_3 = [6, 6, 6, 6, 6, 6, 6, 6, 6, 6]
compC_1000_3 = [13317, 13317, 13317, 13317, 13317, 13317, 13317, 13317, 13317, 13317]
compP_1000_3 = [9, 12, 13, 12, 8, 11, 11, 13, 9, 12]
tempoC_1000_3 = [0.000000, 0.000000, 0.000000, 0.000000, 0.000000, 0.000000, 0.000000, 0.000000, 0.000000, 0.000000]
tempoP_1000_3 = [0.000000, 0.000000, 0.000000, 0.000000, 0.000000, 0.000000, 0.000000, 0.000000, 0.000000, 0.000000]
acessos_1000_3 = [488, 488, 488, 488, 488, 488, 488, 488, 488, 488]
tempoTotal_1000_3 = [0.0, 0.0, 0.0, 0.0, 0.0, 0.0, 0.0, 0.0, 0.0, 0.0]
compTotal1000_3 = [13326, 13329, 13330, 13329, 13325, 13328, 13328, 13330, 13326, 13329]

fwriteC_10000_1 = [7495, 7495, 7495, 7495, 7495, 7495, 7495, 7495, 7495, 7495]
fwriteP_10000_1 = [0, 0, 0, 0, 0, 0, 0, 0, 0, 0]
freadC_10000_1 = [0, 0, 0, 0, 0, 0, 0, 0, 0, 0]
freadP_10000_1 = [8, 8, 8, 8, 8, 8, 8, 8, 8, 8]
fseekC_10000_1 = [0, 0, 0, 0, 0, 0, 0, 0, 0, 0]
fseekP_10000_1 = [9, 9, 9, 9, 9, 9, 9, 9, 9, 9]
compC_10000_1 = [254528, 254528, 254528, 254528, 254528, 254528, 254528, 254528, 254528, 254528]
compP_10000_1 = [14, 12, 16, 13, 13, 13, 18, 15, 14, 23]
tempoC_10000_1 = [0.000000, 0.000000, 0.000000, 0.000000, 0.000000, 0.000000, 0.000000, 1.000000, 0.000000, 0.000000]
tempoP_10000_1 = [0.000000, 0.000000, 0.000000, 0.000000, 0.000000, 0.000000, 0.000000, 0.000000, 0.000000, 0.000000]
acessos_10000_1 = [7512, 7512, 7512, 7512, 7512, 7512, 7512, 7512, 7512, 7512]
tempoTotal_10000_1 = [0.0, 0.0, 0.0, 0.0, 0.0, 0.0, 0.0, 1.0, 0.0, 0.0]
compTotal10000_1 = [254542, 254540, 254544, 254541, 254541, 254541, 254546, 254543, 254542, 254551]

fwriteC_10000_2 = [4996, 4996, 4996, 4996, 4996, 4996, 4996, 4996, 4996, 4996]
fwriteP_10000_2 = [0, 0, 0, 0, 0, 0, 0, 0, 0, 0]
freadC_10000_2 = [0, 0, 0, 0, 0, 0, 0, 0, 0, 0]
freadP_10000_2 = [7, 7, 7, 7, 7, 7, 7, 7, 7, 7]
fseekC_10000_2 = [0, 0, 0, 0, 0, 0, 0, 0, 0, 0]
fseekP_10000_2 = [8, 8, 8, 8, 8, 8, 8, 8, 8, 8]
compC_10000_2 = [91704, 91704, 91704, 91704, 91704, 91704, 91704, 91704, 91704, 91704]
compP_10000_2 = [15, 14, 14, 15, 16, 16, 14, 14, 13, 18]
tempoC_10000_2 = [0.000000, 0.000000, 0.000000, 0.000000, 0.000000, 0.000000, 0.000000, 0.000000, 0.000000, 0.000000]
tempoP_10000_2 = [0.000000, 0.000000, 0.000000, 0.000000, 0.000000, 0.000000, 0.000000, 0.000000, 0.000000, 0.000000]
acessos_10000_2 = [5011, 5011, 5011, 5011, 5011, 5011, 5011, 5011, 5011, 5011]
tempoTotal_10000_2 = [0.0, 0.0, 0.0, 0.0, 0.0, 0.0, 0.0, 0.0, 0.0, 0.0]
compTotal10000_2 = [91719, 91718, 91718, 91719, 91720, 91720, 91718, 91718, 91717, 91722]

fwriteC_10000_3 = [4680, 4680, 4680, 4680, 4680, 4680, 4680, 4680, 4680, 4680]
fwriteP_10000_3 = [0, 0, 0, 0, 0, 0, 0, 0, 0, 0]
freadC_10000_3 = [0, 0, 0, 0, 0, 0, 0, 0, 0, 0]
freadP_10000_3 = [6, 6, 6, 6, 6, 6, 6, 6, 6, 6]
fseekC_10000_3 = [0, 0, 0, 0, 0, 0, 0, 0, 0, 0]
fseekP_10000_3 = [7, 7, 7, 7, 7, 7, 7, 7, 7, 7]
compC_10000_3 = [171973, 171973, 171973, 171973, 171973, 171973, 171973, 171973, 171973, 171973]
compP_10000_3 = [15, 16, 16, 13, 11, 17, 19, 12, 15, 19]
tempoC_10000_3 = [0.000000, 0.000000, 0.000000, 0.000000, 0.000000, 0.000000, 0.000000, 0.000000, 0.000000, 0.000000]
tempoP_10000_3 = [0.000000, 0.000000, 0.000000, 0.000000, 0.000000, 0.000000, 0.000000, 0.000000, 0.000000, 0.000000]
acessos_10000_3 = [4693, 4693, 4693, 4693, 4693, 4693, 4693, 4693, 4693, 4693]
tempoTotal_10000_3 = [0.0, 0.0, 0.0, 0.0, 0.0, 0.0, 0.0, 0.0, 0.0, 0.0]
compTotal10000_3 = [171988, 171989, 171989, 171986, 171984, 171990, 171992, 171985, 171988, 171992]

fwriteC_100000_1 = [74993, 74993, 74993, 74993, 74993, 74993, 74993, 74993, 74993, 74993]
fwriteP_100000_1 = [0, 0, 0, 0, 0, 0, 0, 0, 0, 0]
freadC_100000_1 = [0, 0, 0, 0, 0, 0, 0, 0, 0, 0]
freadP_100000_1 = [10, 10, 10, 10, 10, 10, 10, 10, 10, 10]
fseekC_100000_1 = [0, 0, 0, 0, 0, 0, 0, 0, 0, 0]
fseekP_100000_1 = [11, 11, 11, 11, 11, 11, 11, 11, 11, 11]
compC_100000_1 = [3169982, 3169982, 3169982, 3169982, 3169982, 3169982, 3169982, 3169982, 3169982, 3169982]
compP_100000_1 = [15, 14, 19, 20, 16, 18, 16, 22, 17, 19]
tempoC_100000_1 = [0.000000, 1.000000, 0.000000, 0.000000, 1.000000, 0.000000, 0.000000, 1.000000, 0.000000, 0.000000]
tempoP_100000_1 = [0.000000, 0.000000, 0.000000, 0.000000, 0.000000, 0.000000, 0.000000, 0.000000, 0.000000, 0.000000]
acessos_100000_1 = [75014, 75014, 75014, 75014, 75014, 75014, 75014, 75014, 75014, 75014]
tempoTotal_100000_1 = [0.0, 1.0, 0.0, 0.0, 1.0, 0.0, 0.0, 1.0, 0.0, 0.0]
compTotal100000_1 = [3169997, 3169996, 3170001, 3170002, 3169998, 3170000, 3169998, 3170004, 3169999, 3170001]

fwriteC_100000_2 = [49995, 49995, 49995, 49995, 49995, 49995, 49995, 49995, 49995, 49995]
fwriteP_100000_2 = [0, 0, 0, 0, 0, 0, 0, 0, 0, 0]
freadC_100000_2 = [0, 0, 0, 0, 0, 0, 0, 0, 0, 0]
freadP_100000_2 = [9, 9, 9, 9, 9, 9, 9, 9, 9, 9]
fseekC_100000_2 = [0, 0, 0, 0, 0, 0, 0, 0, 0, 0]
fseekP_100000_2 = [10, 10, 10, 10, 10, 10, 10, 10, 10, 10]
compC_100000_2 = [1124199, 1124199, 1124199, 1124199, 1124199, 1124199, 1124199, 1124199, 1124199, 1124199]
compP_100000_2 = [14, 16, 19, 18, 15, 18, 18, 20, 16, 17]
tempoC_100000_2 = [0.000000, 0.000000, 1.000000, 1.000000, 0.000000, 1.000000, 1.000000, 0.000000, 1.000000, 1.000000]
tempoP_100000_2 = [0.000000, 0.000000, 0.000000, 0.000000, 0.000000, 0.000000, 0.000000, 0.000000, 0.000000, 0.000000]
acessos_100000_2 = [50014, 50014, 50014, 50014, 50014, 50014, 50014, 50014, 50014, 50014]
tempoTotal_100000_2 = [0.0, 0.0, 1.0, 1.0, 0.0, 1.0, 1.0, 0.0, 1.0, 1.0]
compTotal100000_2 = [1124213, 1124215, 1124218, 1124217, 1124214, 1124217, 1124217, 1124219, 1124215, 1124216]

fwriteC_100000_3 = [46913, 46913, 46913, 46913, 46913, 46913, 46913, 46913, 46913, 46913]
fwriteP_100000_3 = [0, 0, 0, 0, 0, 0, 0, 0, 0, 0]
freadC_100000_3 = [0, 0, 0, 0, 0, 0, 0, 0, 0, 0]
freadP_100000_3 = [8, 8, 8, 8, 8, 8, 8, 8, 8, 8]
fseekC_100000_3 = [0, 0, 0, 0, 0, 0, 0, 0, 0, 0]
fseekP_100000_3 = [9, 9, 9, 9, 9, 9, 9, 9, 9, 9]
compC_100000_3 = [2095148, 2095148, 2095148, 2095148, 2095148, 2095148, 2095148, 2095148, 2095148, 2095148]
compP_100000_3 = [16, 17, 20, 19, 15, 23, 19, 19, 17, 21]
tempoC_100000_3 = [0.000000, 1.000000, 0.000000, 0.000000, 1.000000, 0.000000, 0.000000, 1.000000, 0.000000, 0.000000]
tempoP_100000_3 = [0.000000, 0.000000, 0.000000, 0.000000, 0.000000, 0.000000, 0.000000, 0.000000, 0.000000, 0.000000]
acessos_100000_3 = [46930, 46930, 46930, 46930, 46930, 46930, 46930, 46930, 46930, 46930]
tempoTotal_100000_3 = [0.0, 1.0, 0.0, 0.0, 1.0, 0.0, 0.0, 1.0, 0.0, 0.0]
compTotal100000_3 = [2095164, 2095165, 2095168, 2095167, 2095163, 2095171, 2095167, 2095167, 2095165, 2095169]

fwriteC_1000000_1 = [749992, 749992, 749992, 749992, 749992, 749992, 749992, 749992, 749992, 749992]
fwriteP_1000000_1 = [0, 0, 0, 0, 0, 0, 0, 0, 0, 0]
freadC_1000000_1 = [0, 0, 0, 0, 0, 0, 0, 0, 0, 0]
freadP_1000000_1 = [12, 12, 12, 12, 12, 12, 12, 12, 12, 12]
fseekC_1000000_1 = [0, 0, 0, 0, 0, 0, 0, 0, 0, 0]
fseekP_1000000_1 = [13, 13, 13, 13, 13, 13, 13, 13, 13, 13]
compC_1000000_1 = [38004207, 38004207, 38004207, 38004207, 38004207, 38004207, 38004207, 38004207, 38004207, 38004207]
compP_1000000_1 = [23, 17, 22, 21, 20, 22, 23, 23, 24, 20]
tempoC_1000000_1 = [17.000000, 17.000000, 17.000000, 17.000000, 16.000000, 17.000000, 19.000000, 17.000000, 18.000000, 16.000000]
tempoP_1000000_1 = [0.000000, 0.000000, 0.000000, 0.000000, 0.000000, 0.000000, 0.000000, 0.000000, 0.000000, 1.000000]
acessos_1000000_1 = [750017, 750017, 750017, 750017, 750017, 750017, 750017, 750017, 750017, 750017]
tempoTotal_1000000_1 = [17.0, 17.0, 17.0, 17.0, 16.0, 17.0, 19.0, 17.0, 18.0, 17.0]
compTotal1000000_1 = [38004230, 38004224, 38004229, 38004228, 38004227, 38004229, 38004230, 38004230, 38004231, 38004227]

fwriteC_1000000_2 = [499993, 499993, 499993, 499993, 499993, 499993, 499993, 499993, 499993, 499993]
fwriteP_1000000_2 = [0, 0, 0, 0, 0, 0, 0, 0, 0, 0]
freadC_1000000_2 = [0, 0, 0, 0, 0, 0, 0, 0, 0, 0]
freadP_1000000_2 = [11, 11, 11, 11, 11, 11, 11, 11, 11, 11]
fseekC_1000000_2 = [0, 0, 0, 0, 0, 0, 0, 0, 0, 0]
fseekP_1000000_2 = [12, 12, 12, 12, 12, 12, 12, 12, 12, 12]
compC_1000000_2 = [13301785, 13301785, 13301785, 13301785, 13301785, 13301785, 13301785, 13301785, 13301785, 13301785]
compP_1000000_2 = [20, 18, 21, 22, 22, 23, 21, 23, 23, 22]
tempoC_1000000_2 = [11.000000, 10.000000, 10.000000, 10.000000, 11.000000, 11.000000, 11.000000, 11.000000, 10.000000, 11.000000]
tempoP_1000000_2 = [0.000000, 0.000000, 0.000000, 0.000000, 0.000000, 0.000000, 0.000000, 0.000000, 0.000000, 0.000000]
acessos_1000000_2 = [500016, 500016, 500016, 500016, 500016, 500016, 500016, 500016, 500016, 500016]
tempoTotal_1000000_2 = [11.0, 10.0, 10.0, 10.0, 11.0, 11.0, 11.0, 11.0, 10.0, 11.0]
compTotal1000000_2 = [13301805, 13301803, 13301806, 13301807, 13301807, 13301808, 13301806, 13301808, 13301808, 13301807]

fwriteC_1000000_3 = [468563, 468563, 468563, 468563, 468563, 468563, 468563, 468563, 468563, 468563]
fwriteP_1000000_3 = [0, 0, 0, 0, 0, 0, 0, 0, 0, 0]
freadC_1000000_3 = [0, 0, 0, 0, 0, 0, 0, 0, 0, 0]
freadP_1000000_3 = [10, 10, 10, 10, 10, 10, 10, 10, 10, 10]
fseekC_1000000_3 = [0, 0, 0, 0, 0, 0, 0, 0, 0, 0]
fseekP_1000000_3 = [11, 11, 11, 11, 11, 11, 11, 11, 11, 11]
compC_1000000_3 = [24779811, 24779811, 24779811, 24779811, 24779811, 24779811, 24779811, 24779811, 24779811, 24779811]
compP_1000000_3 = [19, 17, 18, 26, 26, 22, 21, 27, 21, 24]
tempoC_1000000_3 = [11.000000, 11.000000, 10.000000, 11.000000, 11.000000, 11.000000, 10.000000, 13.000000, 11.000000, 11.000000]
tempoP_1000000_3 = [0.000000, 0.000000, 0.000000, 0.000000, 0.000000, 0.000000, 0.000000, 0.000000, 0.000000, 0.000000]
acessos_1000000_3 = [468584, 468584, 468584, 468584, 468584, 468584, 468584, 468584, 468584, 468584]
tempoTotal_1000000_3 = [11.0, 11.0, 10.0, 11.0, 11.0, 11.0, 10.0, 13.0, 11.0, 11.0]
compTotal1000000_3 = [24779830, 24779828, 24779829, 24779837, 24779837, 24779833, 24779832, 24779838, 24779832, 24779835]

----------------------------------------------------------

AcessosC    : 127300.66666666667
AcessosP    : 15.133333333333333
Acessos     : 127315.8
ComparacoesC: 5.535706866666666e6
ComparacoesP: 14.58
Comparacoes : 5.535721446666666e6
TempoC      : 2.6733333333333333
TempoP      : 0.006666666666666667
Tempo       : 2.68
