fwriteC_100_1 = [48, 48, 48, 48, 48, 48, 48, 48, 48, 48]
fwriteP_100_1 = [0, 0, 0, 0, 0, 0, 0, 0, 0, 0]
freadC_100_1 = [0, 0, 0, 0, 0, 0, 0, 0, 0, 0]
freadP_100_1 = [4, 4, 4, 4, 4, 4, 4, 2, 3, 4]
fseekC_100_1 = [0, 0, 0, 0, 0, 0, 0, 0, 0, 0]
fseekP_100_1 = [3, 3, 3, 3, 3, 3, 3, 1, 2, 3]
compC_100_1 = [1326, 1326, 1326, 1326, 1326, 1326, 1326, 1326, 1326, 1326]
compP_100_1 = [9, 8, 10, 13, 7, 10, 10, 4, 10, 10]
tempoC_100_1 = [0.000000, 0.000000, 0.000000, 0.000000, 0.000000, 0.000000, 0.000000, 0.000000, 0.000000, 0.000000]
tempoP_100_1 = [0.000000, 0.000000, 0.000000, 0.000000, 0.000000, 0.000000, 0.000000, 0.000000, 0.000000, 0.000000]
acessos_100_1 = [55, 55, 55, 55, 55, 55, 55, 51, 53, 55]
tempoTotal_100_1 = [0.0, 0.0, 0.0, 0.0, 0.0, 0.0, 0.0, 0.0, 0.0, 0.0]
compTotal100_1 = [1335, 1334, 1336, 1339, 1333, 1336, 1336, 1330, 1336, 1336]

fwriteC_100_2 = [48, 48, 48, 48, 48, 48, 48, 48, 48, 48]
fwriteP_100_2 = [0, 0, 0, 0, 0, 0, 0, 0, 0, 0]
freadC_100_2 = [0, 0, 0, 0, 0, 0, 0, 0, 0, 0]
freadP_100_2 = [4, 4, 1, 3, 4, 4, 4, 4, 4, 3]
fseekC_100_2 = [0, 0, 0, 0, 0, 0, 0, 0, 0, 0]
fseekP_100_2 = [3, 3, 0, 2, 3, 3, 3, 3, 3, 2]
compC_100_2 = [1058, 1058, 1058, 1058, 1058, 1058, 1058, 1058, 1058, 1058]
compP_100_2 = [12, 10, 1, 8, 7, 11, 10, 11, 10, 7]
tempoC_100_2 = [0.000000, 0.000000, 0.000000, 0.000000, 0.000000, 0.000000, 0.000000, 0.000000, 0.000000, 0.000000]
tempoP_100_2 = [0.000000, 0.000000, 0.000000, 0.000000, 0.000000, 0.000000, 0.000000, 0.000000, 0.000000, 0.000000]
acessos_100_2 = [55, 55, 49, 53, 55, 55, 55, 55, 55, 53]
tempoTotal_100_2 = [0.0, 0.0, 0.0, 0.0, 0.0, 0.0, 0.0, 0.0, 0.0, 0.0]
compTotal100_2 = [1070, 1068, 1059, 1066, 1065, 1069, 1068, 1069, 1068, 1065]

fwriteC_100_3 = [39, 39, 39, 39, 39, 39, 39, 39, 39, 39]
fwriteP_100_3 = [0, 0, 0, 0, 0, 0, 0, 0, 0, 0]
freadC_100_3 = [0, 0, 0, 0, 0, 0, 0, 0, 0, 0]
freadP_100_3 = [4, 3, 4, 3, 4, 3, 3, 3, 4, 4]
fseekC_100_3 = [0, 0, 0, 0, 0, 0, 0, 0, 0, 0]
fseekP_100_3 = [3, 2, 3, 2, 3, 2, 2, 2, 3, 3]
compC_100_3 = [1158, 1158, 1158, 1158, 1158, 1158, 1158, 1158, 1158, 1158]
compP_100_3 = [12, 5, 13, 9, 7, 8, 7, 7, 11, 10]
tempoC_100_3 = [0.000000, 0.000000, 0.000000, 0.000000, 0.000000, 0.000000, 0.000000, 0.000000, 0.000000, 0.000000]
tempoP_100_3 = [0.000000, 0.000000, 0.000000, 0.000000, 0.000000, 0.000000, 0.000000, 0.000000, 0.000000, 0.000000]
acessos_100_3 = [46, 44, 46, 44, 46, 44, 44, 44, 46, 46]
tempoTotal_100_3 = [0.0, 0.0, 0.0, 0.0, 0.0, 0.0, 0.0, 0.0, 0.0, 0.0]
compTotal100_3 = [1170, 1163, 1171, 1167, 1165, 1166, 1165, 1165, 1169, 1168]

fwriteC_1000_1 = [498, 498, 498, 498, 498, 498, 498, 498, 498, 498]
fwriteP_1000_1 = [0, 0, 0, 0, 0, 0, 0, 0, 0, 0]
freadC_1000_1 = [0, 0, 0, 0, 0, 0, 0, 0, 0, 0]
freadP_1000_1 = [6, 6, 6, 6, 6, 6, 6, 6, 5, 6]
fseekC_1000_1 = [0, 0, 0, 0, 0, 0, 0, 0, 0, 0]
fseekP_1000_1 = [5, 5, 5, 5, 5, 5, 5, 5, 4, 5]
compC_1000_1 = [21566, 21566, 21566, 21566, 21566, 21566, 21566, 21566, 21566, 21566]
compP_1000_1 = [13, 15, 16, 13, 16, 14, 18, 16, 11, 15]
tempoC_1000_1 = [0.000000, 0.000000, 0.000000, 0.000000, 0.000000, 0.000000, 0.000000, 0.000000, 0.000000, 0.000000]
tempoP_1000_1 = [0.000000, 0.000000, 0.000000, 0.000000, 0.000000, 0.000000, 0.000000, 0.000000, 0.000000, 0.000000]
acessos_1000_1 = [509, 509, 509, 509, 509, 509, 509, 509, 507, 509]
tempoTotal_1000_1 = [0.0, 0.0, 0.0, 0.0, 0.0, 0.0, 0.0, 0.0, 0.0, 0.0]
compTotal1000_1 = [21579, 21581, 21582, 21579, 21582, 21580, 21584, 21582, 21577, 21581]

fwriteC_1000_2 = [498, 498, 498, 498, 498, 498, 498, 498, 498, 498]
fwriteP_1000_2 = [0, 0, 0, 0, 0, 0, 0, 0, 0, 0]
freadC_1000_2 = [0, 0, 0, 0, 0, 0, 0, 0, 0, 0]
freadP_1000_2 = [6, 5, 6, 6, 6, 6, 5, 6, 6, 6]
fseekC_1000_2 = [0, 0, 0, 0, 0, 0, 0, 0, 0, 0]
fseekP_1000_2 = [5, 4, 5, 5, 5, 5, 4, 5, 5, 5]
compC_1000_2 = [14999, 14999, 14999, 14999, 14999, 14999, 14999, 14999, 14999, 14999]
compP_1000_2 = [15, 11, 17, 15, 16, 14, 14, 16, 14, 14]
tempoC_1000_2 = [0.000000, 0.000000, 0.000000, 0.000000, 0.000000, 0.000000, 0.000000, 0.000000, 0.000000, 0.000000]
tempoP_1000_2 = [0.000000, 0.000000, 0.000000, 0.000000, 0.000000, 0.000000, 0.000000, 0.000000, 0.000000, 0.000000]
acessos_1000_2 = [509, 507, 509, 509, 509, 509, 507, 509, 509, 509]
tempoTotal_1000_2 = [0.0, 0.0, 0.0, 0.0, 0.0, 0.0, 0.0, 0.0, 0.0, 0.0]
compTotal1000_2 = [15014, 15010, 15016, 15014, 15015, 15013, 15013, 15015, 15013, 15013]

fwriteC_1000_3 = [376, 376, 376, 376, 376, 376, 376, 376, 376, 376]
fwriteP_1000_3 = [0, 0, 0, 0, 0, 0, 0, 0, 0, 0]
freadC_1000_3 = [0, 0, 0, 0, 0, 0, 0, 0, 0, 0]
freadP_1000_3 = [6, 6, 6, 5, 6, 6, 6, 6, 6, 6]
fseekC_1000_3 = [0, 0, 0, 0, 0, 0, 0, 0, 0, 0]
fseekP_1000_3 = [5, 5, 5, 4, 5, 5, 5, 5, 5, 5]
compC_1000_3 = [17252, 17252, 17252, 17252, 17252, 17252, 17252, 17252, 17252, 17252]
compP_1000_3 = [14, 15, 16, 12, 14, 20, 18, 20, 15, 14]
tempoC_1000_3 = [0.000000, 0.000000, 0.000000, 0.000000, 0.000000, 0.000000, 0.000000, 0.000000, 0.000000, 0.000000]
tempoP_1000_3 = [0.000000, 0.000000, 0.000000, 0.000000, 0.000000, 0.000000, 0.000000, 0.000000, 0.000000, 0.000000]
acessos_1000_3 = [387, 387, 387, 385, 387, 387, 387, 387, 387, 387]
tempoTotal_1000_3 = [0.0, 0.0, 0.0, 0.0, 0.0, 0.0, 0.0, 0.0, 0.0, 0.0]
compTotal1000_3 = [17266, 17267, 17268, 17264, 17266, 17272, 17270, 17272, 17267, 17266]

fwriteC_10000_1 = [4996, 4996, 4996, 4996, 4996, 4996, 4996, 4996, 4996, 4996]
fwriteP_10000_1 = [0, 0, 0, 0, 0, 0, 0, 0, 0, 0]
freadC_10000_1 = [0, 0, 0, 0, 0, 0, 0, 0, 0, 0]
freadP_10000_1 = [8, 8, 8, 8, 8, 7, 7, 7, 8, 8]
fseekC_10000_1 = [0, 0, 0, 0, 0, 0, 0, 0, 0, 0]
fseekP_10000_1 = [7, 7, 7, 7, 7, 6, 6, 6, 7, 7]
compC_10000_1 = [299014, 299014, 299014, 299014, 299014, 299014, 299014, 299014, 299014, 299014]
compP_10000_1 = [20, 22, 21, 21, 22, 19, 19, 18, 19, 19]
tempoC_10000_1 = [0.000000, 0.000000, 0.000000, 0.000000, 0.000000, 0.000000, 1.000000, 0.000000, 0.000000, 0.000000]
tempoP_10000_1 = [0.000000, 0.000000, 0.000000, 0.000000, 0.000000, 0.000000, 0.000000, 0.000000, 0.000000, 0.000000]
acessos_10000_1 = [5011, 5011, 5011, 5011, 5011, 5009, 5009, 5009, 5011, 5011]
tempoTotal_10000_1 = [0.0, 0.0, 0.0, 0.0, 0.0, 0.0, 1.0, 0.0, 0.0, 0.0]
compTotal10000_1 = [299034, 299036, 299035, 299035, 299036, 299033, 299033, 299032, 299033, 299033]

fwriteC_10000_2 = [4996, 4996, 4996, 4996, 4996, 4996, 4996, 4996, 4996, 4996]
fwriteP_10000_2 = [0, 0, 0, 0, 0, 0, 0, 0, 0, 0]
freadC_10000_2 = [0, 0, 0, 0, 0, 0, 0, 0, 0, 0]
freadP_10000_2 = [8, 8, 5, 8, 8, 8, 8, 8, 8, 7]
fseekC_10000_2 = [0, 0, 0, 0, 0, 0, 0, 0, 0, 0]
fseekP_10000_2 = [7, 7, 4, 7, 7, 7, 7, 7, 7, 6]
compC_10000_2 = [191814, 191814, 191814, 191814, 191814, 191814, 191814, 191814, 191814, 191814]
compP_10000_2 = [22, 20, 13, 22, 21, 20, 21, 21, 22, 19]
tempoC_10000_2 = [0.000000, 0.000000, 0.000000, 0.000000, 0.000000, 0.000000, 0.000000, 0.000000, 0.000000, 0.000000]
tempoP_10000_2 = [0.000000, 0.000000, 0.000000, 0.000000, 0.000000, 0.000000, 0.000000, 0.000000, 0.000000, 0.000000]
acessos_10000_2 = [5011, 5011, 5005, 5011, 5011, 5011, 5011, 5011, 5011, 5009]
tempoTotal_10000_2 = [0.0, 0.0, 0.0, 0.0, 0.0, 0.0, 0.0, 0.0, 0.0, 0.0]
compTotal10000_2 = [191836, 191834, 191827, 191836, 191835, 191834, 191835, 191835, 191836, 191833]

fwriteC_10000_3 = [3672, 3672, 3672, 3672, 3672, 3672, 3672, 3672, 3672, 3672]
fwriteP_10000_3 = [0, 0, 0, 0, 0, 0, 0, 0, 0, 0]
freadC_10000_3 = [0, 0, 0, 0, 0, 0, 0, 0, 0, 0]
freadP_10000_3 = [7, 6, 7, 5, 6, 7, 7, 7, 7, 7]
fseekC_10000_3 = [0, 0, 0, 0, 0, 0, 0, 0, 0, 0]
fseekP_10000_3 = [6, 5, 6, 4, 5, 6, 6, 6, 6, 6]
compC_10000_3 = [226864, 226864, 226864, 226864, 226864, 226864, 226864, 226864, 226864, 226864]
compP_10000_3 = [18, 15, 21, 15, 16, 21, 22, 20, 23, 22]
tempoC_10000_3 = [0.000000, 0.000000, 0.000000, 0.000000, 0.000000, 0.000000, 0.000000, 0.000000, 0.000000, 0.000000]
tempoP_10000_3 = [0.000000, 0.000000, 0.000000, 0.000000, 0.000000, 0.000000, 0.000000, 0.000000, 0.000000, 0.000000]
acessos_10000_3 = [3685, 3683, 3685, 3681, 3683, 3685, 3685, 3685, 3685, 3685]
tempoTotal_10000_3 = [0.0, 0.0, 0.0, 0.0, 0.0, 0.0, 0.0, 0.0, 0.0, 0.0]
compTotal10000_3 = [226882, 226879, 226885, 226879, 226880, 226885, 226886, 226884, 226887, 226886]

fwriteC_100000_1 = [49995, 49995, 49995, 49995, 49995, 49995, 49995, 49995, 49995, 49995]
fwriteP_100000_1 = [0, 0, 0, 0, 0, 0, 0, 0, 0, 0]
freadC_100000_1 = [0, 0, 0, 0, 0, 0, 0, 0, 0, 0]
freadP_100000_1 = [9, 9, 10, 10, 10, 9, 10, 10, 10, 9]
fseekC_100000_1 = [0, 0, 0, 0, 0, 0, 0, 0, 0, 0]
fseekP_100000_1 = [8, 8, 9, 9, 9, 8, 9, 9, 9, 8]
compC_100000_1 = [3832659, 3832659, 3832659, 3832659, 3832659, 3832659, 3832659, 3832659, 3832659, 3832659]
compP_100000_1 = [21, 20, 29, 29, 28, 26, 28, 25, 28, 26]
tempoC_100000_1 = [0.000000, 1.000000, 1.000000, 0.000000, 0.000000, 0.000000, 0.000000, 0.000000, 1.000000, 1.000000]
tempoP_100000_1 = [0.000000, 0.000000, 0.000000, 0.000000, 0.000000, 0.000000, 0.000000, 0.000000, 0.000000, 0.000000]
acessos_100000_1 = [50012, 50012, 50014, 50014, 50014, 50012, 50014, 50014, 50014, 50012]
tempoTotal_100000_1 = [0.0, 1.0, 1.0, 0.0, 0.0, 0.0, 0.0, 0.0, 1.0, 1.0]
compTotal100000_1 = [3832680, 3832679, 3832688, 3832688, 3832687, 3832685, 3832687, 3832684, 3832687, 3832685]

fwriteC_100000_2 = [49995, 49995, 49995, 49995, 49995, 49995, 49995, 49995, 49995, 49995]
fwriteP_100000_2 = [0, 0, 0, 0, 0, 0, 0, 0, 0, 0]
freadC_100000_2 = [0, 0, 0, 0, 0, 0, 0, 0, 0, 0]
freadP_100000_2 = [10, 10, 9, 9, 10, 10, 9, 10, 9, 10]
fseekC_100000_2 = [0, 0, 0, 0, 0, 0, 0, 0, 0, 0]
fseekP_100000_2 = [9, 9, 8, 8, 9, 9, 8, 9, 8, 9]
compC_100000_2 = [2331823, 2331823, 2331823, 2331823, 2331823, 2331823, 2331823, 2331823, 2331823, 2331823]
compP_100000_2 = [25, 26, 28, 26, 26, 28, 25, 27, 22, 25]
tempoC_100000_2 = [0.000000, 0.000000, 0.000000, 1.000000, 0.000000, 1.000000, 1.000000, 1.000000, 0.000000, 0.000000]
tempoP_100000_2 = [0.000000, 0.000000, 0.000000, 0.000000, 0.000000, 0.000000, 0.000000, 0.000000, 0.000000, 0.000000]
acessos_100000_2 = [50014, 50014, 50012, 50012, 50014, 50014, 50012, 50014, 50012, 50014]
tempoTotal_100000_2 = [0.0, 0.0, 0.0, 1.0, 0.0, 1.0, 1.0, 1.0, 0.0, 0.0]
compTotal100000_2 = [2331848, 2331849, 2331851, 2331849, 2331849, 2331851, 2331848, 2331850, 2331845, 2331848]

fwriteC_100000_3 = [36960, 36960, 36960, 36960, 36960, 36960, 36960, 36960, 36960, 36960]
fwriteP_100000_3 = [0, 0, 0, 0, 0, 0, 0, 0, 0, 0]
freadC_100000_3 = [0, 0, 0, 0, 0, 0, 0, 0, 0, 0]
freadP_100000_3 = [9, 9, 8, 9, 9, 8, 9, 9, 8, 8]
fseekC_100000_3 = [0, 0, 0, 0, 0, 0, 0, 0, 0, 0]
fseekP_100000_3 = [8, 8, 7, 8, 8, 7, 8, 8, 7, 7]
compC_100000_3 = [2831413, 2831413, 2831413, 2831413, 2831413, 2831413, 2831413, 2831413, 2831413, 2831413]
compP_100000_3 = [22, 25, 22, 28, 25, 20, 28, 26, 24, 25]
tempoC_100000_3 = [0.000000, 0.000000, 1.000000, 0.000000, 1.000000, 0.000000, 0.000000, 0.000000, 0.000000, 0.000000]
tempoP_100000_3 = [0.000000, 0.000000, 0.000000, 0.000000, 0.000000, 0.000000, 0.000000, 0.000000, 0.000000, 0.000000]
acessos_100000_3 = [36977, 36977, 36975, 36977, 36977, 36975, 36977, 36977, 36975, 36975]
tempoTotal_100000_3 = [0.0, 0.0, 1.0, 0.0, 1.0, 0.0, 0.0, 0.0, 0.0, 0.0]
compTotal100000_3 = [2831435, 2831438, 2831435, 2831441, 2831438, 2831433, 2831441, 2831439, 2831437, 2831438]

fwriteC_1000000_1 = [499993, 499993, 499993, 499993, 499993, 499993, 499993, 499993, 499993, 499993]
fwriteP_1000000_1 = [0, 0, 0, 0, 0, 0, 0, 0, 0, 0]
freadC_1000000_1 = [0, 0, 0, 0, 0, 0, 0, 0, 0, 0]
freadP_1000000_1 = [12, 12, 12, 11, 12, 12, 11, 11, 12, 12]
fseekC_1000000_1 = [0, 0, 0, 0, 0, 0, 0, 0, 0, 0]
fseekP_1000000_1 = [11, 11, 11, 10, 11, 11, 10, 10, 11, 11]
compC_1000000_1 = [46710221, 46710221, 46710221, 46710221, 46710221, 46710221, 46710221, 46710221, 46710221, 46710221]
compP_1000000_1 = [35, 33, 34, 31, 32, 31, 26, 31, 34, 34]
tempoC_1000000_1 = [12.000000, 11.000000, 10.000000, 11.000000, 11.000000, 11.000000, 11.000000, 11.000000, 10.000000, 10.000000]
tempoP_1000000_1 = [0.000000, 0.000000, 0.000000, 0.000000, 0.000000, 0.000000, 0.000000, 0.000000, 0.000000, 0.000000]
acessos_1000000_1 = [500016, 500016, 500016, 500014, 500016, 500016, 500014, 500014, 500016, 500016]
tempoTotal_1000000_1 = [12.0, 11.0, 10.0, 11.0, 11.0, 11.0, 11.0, 11.0, 10.0, 10.0]
compTotal1000000_1 = [46710256, 46710254, 46710255, 46710252, 46710253, 46710252, 46710247, 46710252, 46710255, 46710255]

fwriteC_1000000_2 = [499993, 499993, 499993, 499993, 499993, 499993, 499993, 499993, 499993, 499993]
fwriteP_1000000_2 = [0, 0, 0, 0, 0, 0, 0, 0, 0, 0]
freadC_1000000_2 = [0, 0, 0, 0, 0, 0, 0, 0, 0, 0]
freadP_1000000_2 = [12, 10, 9, 12, 11, 10, 12, 12, 11, 11]
fseekC_1000000_2 = [0, 0, 0, 0, 0, 0, 0, 0, 0, 0]
fseekP_1000000_2 = [11, 9, 8, 11, 10, 9, 11, 11, 10, 10]
compC_1000000_2 = [27437019, 27437019, 27437019, 27437019, 27437019, 27437019, 27437019, 27437019, 27437019, 27437019]
compP_1000000_2 = [32, 25, 24, 33, 26, 27, 28, 31, 28, 31]
tempoC_1000000_2 = [11.000000, 11.000000, 10.000000, 11.000000, 11.000000, 11.000000, 11.000000, 11.000000, 10.000000, 11.000000]
tempoP_1000000_2 = [0.000000, 0.000000, 0.000000, 0.000000, 0.000000, 0.000000, 1.000000, 0.000000, 0.000000, 0.000000]
acessos_1000000_2 = [500016, 500012, 500010, 500016, 500014, 500012, 500016, 500016, 500014, 500014]
tempoTotal_1000000_2 = [11.0, 11.0, 10.0, 11.0, 11.0, 11.0, 12.0, 11.0, 10.0, 11.0]
compTotal1000000_2 = [27437051, 27437044, 27437043, 27437052, 27437045, 27437046, 27437047, 27437050, 27437047, 27437050]

fwriteC_1000000_3 = [369071, 369071, 369071, 369071, 369071, 369071, 369071, 369071, 369071, 369071]
fwriteP_1000000_3 = [0, 0, 0, 0, 0, 0, 0, 0, 0, 0]
freadC_1000000_3 = [0, 0, 0, 0, 0, 0, 0, 0, 0, 0]
freadP_1000000_3 = [10, 11, 10, 11, 11, 11, 11, 11, 9, 11]
fseekC_1000000_3 = [0, 0, 0, 0, 0, 0, 0, 0, 0, 0]
fseekP_1000000_3 = [9, 10, 9, 10, 10, 10, 10, 10, 8, 10]
compC_1000000_3 = [33865172, 33865172, 33865172, 33865172, 33865172, 33865172, 33865172, 33865172, 33865172, 33865172]
compP_1000000_3 = [34, 29, 32, 35, 32, 28, 32, 34, 28, 36]
tempoC_1000000_3 = [9.000000, 9.000000, 9.000000, 8.000000, 9.000000, 10.000000, 9.000000, 9.000000, 8.000000, 9.000000]
tempoP_1000000_3 = [0.000000, 0.000000, 0.000000, 0.000000, 0.000000, 0.000000, 0.000000, 0.000000, 0.000000, 0.000000]
acessos_1000000_3 = [369090, 369092, 369090, 369092, 369092, 369092, 369092, 369092, 369088, 369092]
tempoTotal_1000000_3 = [9.0, 9.0, 9.0, 8.0, 9.0, 10.0, 9.0, 9.0, 8.0, 9.0]
compTotal1000000_3 = [33865206, 33865201, 33865204, 33865207, 33865204, 33865200, 33865204, 33865206, 33865200, 33865208]

----------------------------------------------------------

AcessosC    : 101411.86666666667
AcessosP    : 13.84
Acessos     : 101425.70666666667
ComparacoesC: 7.852223866666666e6
ComparacoesP: 20.006666666666668
Comparacoes : 7.852243873333333e6
TempoC      : 2.1066666666666665
TempoP      : 0.006666666666666667
Tempo       : 2.1133333333333333
